time,signal
0,1023
400, 1023
1888, 1023
3432, 1023
4960, 1023
7416, 1022
19896, 1023
33416, 1023
46936, 1023
60456, 1023
73976, 1023
87496, 1023
101016, 1023
115576, 1021
130136, 1023
144696, 1023
159256, 1023
173816, 1023
188376, 1023
202936, 1023
217496, 1023
232056, 1023
246616, 1023
261176, 1023
275736, 1023
290296, 1023
304856, 1023
319416, 1023
333976, 1023
348536, 1023
363096, 1023
377656, 1023
392216, 1023
406776, 1023
421336, 1023
435896, 1023
450456, 1023
465024, 1023
479576, 1023
494136, 1023
508696, 1023
523256, 1023
537816, 1023
552376, 1023
566936, 1023
581496, 1023
596056, 1023
610616, 1023
625176, 1023
639736, 1023
654296, 1023
668856, 1023
683416, 1022
697976, 1023
712536, 1023
727096, 1021
741656, 1019
756216, 1021
770776, 1023
785336, 1022
799896, 1023
814456, 1021
829016, 1023
843576, 1023
858136, 1023
872696, 1023
887256, 1022
901816, 1023
916376, 1022
930936, 1019
945496, 1022
960056, 1023
974616, 1023
989176, 1019
1003736, 1011
1019336, 1023
1034936, 1023
1050536, 1023
1066136, 1023
1081736, 1016
1097336, 1023
1112936, 1020
1128536, 1020
1144136, 1022
1159736, 1022
1175336, 1018
1190936, 1023
1206536, 1023
1222136, 1023
1237736, 1023
1253336, 1023
1268936, 1020
1284536, 1017
1300136, 1009
1315736, 1021
1331336, 1023
1346936, 1023
1362536, 1023
1378136, 1023
1393736, 1023
1409336, 1016
1424936, 1014
1440536, 1015
1456136, 1023
1471736, 1017
1487336, 1023
1502936, 1022
1518536, 1023
1534136, 1023
1549736, 1023
1565336, 1023
1580936, 1020
1596536, 1021
1612136, 1011
1627736, 1022
1643336, 1023
1658936, 1023
1674536, 1023
1690136, 1023
1705736, 1018
1721336, 1013
1736936, 1020
1752536, 1022
1768136, 1023
1783736, 1023
1799336, 1023
1814936, 1019
1830536, 1023
1846136, 1021
1861744, 1023
1877336, 1023
1892936, 1023
1908536, 1020
1924136, 1020
1939736, 1023
1955336, 1023
1970936, 1023
1986536, 1023
2002136, 1023
2017736, 1016
2033336, 1023
2048936, 1016
2064536, 1023
2080136, 1023
2095736, 1023
2111336, 1023
2126936, 1023
2142536, 1020
2158136, 1019
2173736, 1020
2189336, 1020
2204936, 1023
2220536, 1023
2236136, 1023
2251736, 1023
2267336, 1023
2282936, 1022
2298536, 1023
2314136, 1015
2329736, 1018
2345336, 1015
2360936, 1020
2376536, 1023
2392136, 1023
2407736, 1023
2423336, 1023
2461848, 305
2477416, 304
2491976, 305
2506536, 304
2521096, 305
2535656, 305
2550216, 305
2564776, 306
2579336, 306
2593912, 305
2608456, 304
2623016, 304
2637576, 305
2652136, 305
2666696, 305
2681256, 305
2695816, 305
2710376, 305
2724936, 305
2739496, 306
2754056, 305
2768616, 306
2783176, 305
2797736, 305
2812296, 305
2826856, 305
2841416, 305
2855976, 305
2870536, 306
2885096, 306
2899656, 305
2914216, 306
2928776, 305
2943336, 305
2957896, 305
2972456, 304
2987016, 305
3001576, 303
3016136, 304
3030696, 303
3045256, 303
3059832, 304
3074376, 302
3088936, 303
3103496, 304
3118056, 303
3132616, 303
3147176, 303
3161736, 302
3176296, 303
3190856, 302
3205416, 303
3219976, 303
3234536, 302
3249096, 303
3263656, 303
3278216, 304
3292776, 304
3307336, 303
3321896, 304
3336456, 303
3351016, 304
3365576, 304
3380136, 304
3394696, 303
3409256, 304
3423816, 304
3438376, 303
3452936, 303
3467496, 304
3482056, 303
3496616, 303
3511176, 302
3525752, 304
3540296, 303
3554856, 303
3569416, 303
3583976, 304
3598536, 302
3613096, 303
3627656, 303
3642216, 303
3656776, 303
3671336, 303
3685896, 303
3700456, 303
3715016, 303
3729576, 302
3744136, 303
3758696, 302
3773256, 303
3787816, 302
3802376, 302
3816936, 301
3831496, 302
3846056, 302
3860616, 303
3875176, 302
3889736, 303
3904296, 303
3918856, 302
3933416, 302
3947976, 302
3962536, 302
3977096, 301
3991672, 302
4006216, 302
4020776, 302
4035336, 302
4049896, 302
4064456, 302
4079016, 303
4093576, 303
4108136, 303
4122696, 302
4137256, 302
4151816, 303
4166376, 302
4180936, 302
4195496, 301
4210056, 302
4224616, 302
4239176, 303
4253736, 301
4268296, 301
4282856, 303
4297416, 301
4311976, 302
4326536, 303
4341096, 302
4355656, 302
4370216, 302
4384776, 302
4399336, 302
4413896, 301
4428456, 301
4443016, 302
4457592, 301
4472136, 301
4486696, 301
4501256, 302
4515816, 302
4530376, 302
4544936, 302
4559496, 301
4574056, 302
4588616, 301
4603176, 301
4617736, 302
4632296, 302
4646856, 302
4661416, 302
4675976, 302
4690536, 302
4705096, 302
4719656, 302
4734216, 302
4748776, 302
4763336, 301
4777896, 302
4792456, 301
4807016, 302
4821576, 301
4836136, 302
4850696, 302
4865256, 301
4879816, 302
4894376, 300
4908936, 301
4923512, 300
4938056, 301
4952616, 301
4967176, 300
4981736, 301
4996296, 301
5010856, 301
5025416, 300
5039976, 302
5054536, 301
5069096, 302
5083656, 301
5098216, 301
5112776, 300
5127336, 301
5141896, 302
5156456, 301
5171016, 300
5185576, 301
5200136, 300
5214696, 301
5229256, 301
5243816, 301
5258376, 300
5272936, 301
5287496, 300
5302056, 301
5316616, 301
5331176, 300
5345736, 301
5360296, 301
5374856, 300
5389432, 301
5403976, 301
5418536, 300
5433096, 300
5447656, 300
5462216, 300
5476776, 300
5491336, 301
5505896, 301
5520456, 301
5535016, 301
5549576, 301
5564136, 300
5578696, 300
5593256, 300
5607816, 301
5622376, 301
5636936, 301
5651496, 301
5666056, 300
5680616, 301
5695176, 300
5709736, 300
5724296, 301
5738856, 300
5753416, 299
5767976, 301
5782536, 301
5797096, 301
5811656, 301
5826216, 300
5840776, 301
5855352, 301
5869896, 301
5884456, 301
5899016, 301
5913576, 301
5928136, 301
5942696, 301
5957256, 301
5971816, 301
5986376, 301
6000936, 301
6015496, 300
6030056, 301
6044616, 301
6059176, 300
6073736, 301
6088296, 300
6102856, 301
6117416, 300
6131976, 300
6146536, 301
6161096, 301
6175656, 300
6190216, 300
6204776, 300
6219336, 300
6233896, 299
6248456, 301
6263016, 300
6277576, 301
6292136, 300
6306696, 300
6321272, 301
6335816, 301
6350376, 300
6364936, 301
6379496, 301
6394056, 301
6408616, 300
6423176, 300
6437736, 300
6452296, 300
6466856, 300
6481416, 301
6495976, 300
6510536, 300
6525096, 301
6539656, 301
6554216, 300
6568776, 299
6583336, 301
6597896, 299
6612456, 300
6627016, 301
6641576, 300
6656136, 301
6670696, 301
6685256, 300
6699816, 299
6714376, 299
6728936, 300
6743496, 300
6758056, 300
6772616, 300
6787192, 300
6801736, 301
6816296, 300
6830856, 301
6845416, 301
6859976, 301
6874536, 301
6889096, 299
6903656, 300
6918216, 300
6932776, 300
6947336, 300
6961896, 300
6976456, 300
6991016, 301
7005576, 300
7020136, 300
7034696, 299
7049256, 299
7063816, 301
7078376, 300
7092936, 300
7107496, 301
7122056, 300
7136616, 300
7151176, 300
7165736, 299
7180296, 300
7194856, 300
7209416, 300
7223976, 299
7238536, 300
7253112, 300
7267656, 300
7282216, 300
7296776, 300
7311336, 300
7325896, 299
7340456, 300
7355016, 300
7369576, 300
7384136, 299
7398696, 300
7413256, 300
7427816, 300
7442376, 300
7456936, 300
7471496, 300
7486056, 300
7500616, 299
7515176, 300
7529736, 300
7544296, 300
7558856, 299
7573416, 300
7587976, 300
7602536, 300
7617096, 300
7631656, 300
7646216, 300
7660776, 300
7675336, 300
7689896, 300
7704456, 300
7719032, 300
7733576, 300
7748136, 300
7762696, 300
7777256, 300
7791816, 300
7806376, 300
7820936, 300
7835496, 299
7850056, 300
7864616, 300
7879176, 299
7893736, 300
7908296, 300
7922856, 300
7937416, 300
7951976, 300
7966536, 300
7981096, 300
7995656, 300
8010216, 300
8024776, 300
8039336, 300
8053896, 300
8068456, 300
8083016, 299
8097576, 299
8112136, 300
8126696, 300
8141256, 300
8155816, 300
8170376, 300
8184952, 300
8199496, 300
8214056, 300
8228616, 299
8243176, 299
8257736, 300
8272296, 300
8286856, 298
8301416, 300
8315976, 300
8330536, 300
8345096, 299
8359656, 299
8374216, 299
8388776, 299
8403336, 299
8417896, 300
8432456, 298
8447016, 299
8461576, 298
8476136, 300
8490696, 298
8505256, 299
8519816, 299
8534376, 299
8548936, 300
8563496, 300
8578056, 300
8592616, 300
8607176, 298
8621736, 299
8636296, 299
8650872, 300
8665416, 300
8679976, 299
8694536, 299
8709096, 300
8723656, 300
8738216, 299
8752776, 299
8767336, 300
8781896, 299
8796456, 300
8811016, 299
8825576, 298
8840136, 300
8854696, 298
8869256, 300
8883816, 299
8898376, 299
8912936, 300
8927496, 300
8942056, 299
8956616, 299
8971176, 300
8985736, 299
9000296, 299
9014856, 299
9029416, 299
9043976, 299
9058536, 300
9073096, 299
9087656, 299
9102216, 299
9116792, 300
9131336, 300
9145896, 299
9160456, 299
9175016, 299
9189576, 298
9204136, 300
9218696, 299
9233256, 299
9247816, 299
9262376, 299
9276936, 299
9291496, 299
9306056, 299
9320616, 299
9335176, 298
9349736, 300
9364296, 299
9378856, 299
9393416, 299
9407976, 299
9422536, 299
9437096, 299
9451656, 298
9466216, 299
9480776, 299
9495336, 299
9509896, 299
9524456, 299
9539016, 299
9553576, 299
9568136, 299
9582712, 299
9597256, 299
9611816, 299
9626376, 299
9640936, 299
9655496, 299
9670056, 299
9684616, 299
9699176, 298
9713736, 298
9728296, 299
9742856, 300
9757416, 300
9771976, 299
9786536, 298
9801096, 300
9815656, 299
9830216, 299
9844776, 299
9859336, 299
9873896, 299
9888456, 299
9903016, 298
9917576, 299
9932136, 298
9946696, 299
9961256, 299
9975816, 299
9990376, 300
10004936, 299
10020536, 298
10036136, 299
10051736, 299
10067336, 299
10082936, 299
10098536, 299
10114136, 299
10129736, 298
10145336, 299
10160936, 299
10176536, 300
10192136, 299
10207736, 298
10223336, 298
10238936, 299
10254536, 299
10270136, 299
10285736, 299
10301336, 299
10316936, 299
10332536, 299
10348136, 299
10363736, 300
10379336, 299
10394936, 299
10410536, 299
10426136, 299
10441736, 298
10457336, 299
10472936, 299
10488536, 298
10504136, 299
10519736, 298
10535336, 299
10550936, 299
10566536, 299
10582136, 299
10597736, 299
10613336, 298
10628936, 299
10644536, 297
10660136, 298
10675736, 298
10691336, 298
10706936, 299
10722536, 299
10738136, 299
10753736, 299
10769336, 299
10784936, 300
10800536, 298
10816136, 298
10831736, 298
10847352, 298
10862936, 299
10878536, 298
10894136, 298
10909736, 298
10925336, 298
10940936, 299
10956536, 299
10972136, 298
10987736, 299
11003336, 299
11018936, 299
11034536, 299
11050136, 299
11065736, 298
11081336, 298
11096936, 298
11112536, 298
11128136, 299
11143736, 299
11159336, 299
11174936, 299
11190536, 299
11206136, 297
11221736, 299
11237336, 298
11252936, 299
11268536, 299
11284136, 297
11299736, 298
11315336, 297
11330936, 298
11346536, 299
11362136, 298
11377736, 298
11393336, 299
11408936, 299
11424536, 298
11440136, 298
11455736, 298
11471336, 299
11486936, 299
11502536, 298
11518136, 298
11533736, 297
11549336, 298
11564936, 298
11580536, 298
11596136, 298
11611736, 299
11627336, 297
11642936, 297
11658536, 299
11674136, 298
11689736, 298
11705336, 298
11720936, 298
11736536, 298
11752136, 298
11767736, 298
11783336, 299
11798936, 297
11814536, 298
11830136, 298
11845752, 298
11861336, 298
11876936, 298
11892536, 298
11908136, 299
11923736, 297
11939336, 299
11954936, 298
11970536, 298
11986136, 298
12001736, 298
12017336, 297
12032936, 297
12048536, 299
12064136, 299
12079736, 299
12095336, 298
12110936, 298
12126536, 298
12142136, 298
12157736, 298
12173336, 298
12188936, 298
12204536, 298
12220136, 298
12235736, 298
12251336, 299
12266936, 298
12282536, 298
12298136, 299
12313736, 297
12329336, 299
12344936, 297
12360536, 297
12376136, 298
12391736, 297
12407336, 299
12422936, 299
12438536, 297
12454136, 298
12469736, 298
12485336, 297
12500936, 298
12516536, 298
12532136, 299
12547736, 298
12563336, 297
12578936, 297
12594536, 297
12610136, 298
12625736, 298
12641336, 298
12656936, 297
12672536, 298
12688136, 297
12703736, 298
12719336, 298
12734936, 299
12750536, 297
12766136, 298
12781736, 298
12797336, 298
12812936, 298
12828536, 297
12844152, 298
12859736, 298
12875336, 298
12890936, 298
12906536, 298
12922136, 297
12937736, 297
12953336, 297
12968936, 297
12984536, 298
13000136, 298
13015736, 298
13031336, 298
13046936, 297
13062536, 297
13078136, 298
13093736, 298
13109336, 298
13124936, 298
13140536, 298
13156136, 298
13171736, 297
13187336, 297
13202936, 298
13218536, 297
13234136, 298
13249736, 298
13265336, 298
13280936, 298
13296536, 298
13312136, 298
13327736, 298
13343336, 298
13358936, 297
13374536, 298
13390136, 298
13405736, 298
13421336, 298
13436936, 298
13452536, 298
13468136, 298
13483736, 298
13499336, 298
13514936, 298
13530536, 298
13546136, 298
13561736, 298
13577336, 297
13592936, 298
13608536, 298
13624136, 298
13639736, 298
13655336, 297
13670936, 297
13686536, 298
13702136, 298
13717736, 297
13733336, 298
13748936, 298
13764536, 298
13780136, 297
13795736, 298
13811336, 298
13826936, 298
13842552, 297
13858136, 296
13873736, 297
13889336, 297
13904936, 297
13920536, 296
13936136, 298
13951736, 297
13967336, 297
13982936, 298
13998536, 297
14014136, 297
14029736, 297
14045336, 297
14060936, 297
14076536, 298
14092136, 298
14107736, 298
14123336, 296
14138936, 298
14154536, 297
14170136, 297
14185736, 298
14201336, 298
14216936, 297
14232536, 297
14248136, 297
14263736, 298
14279336, 297
14294936, 298
14310536, 298
14326136, 297
14341736, 297
14357336, 298
14372936, 297
14388536, 297
14404136, 298
14419736, 297
14435336, 298
14450936, 298
14466536, 298
14482136, 297
14497736, 297
14513336, 297
14528936, 297
14544536, 297
14560136, 297
14575736, 297
14591336, 297
14606936, 297
14622536, 297
14638136, 297
14653736, 298
14669336, 298
14684936, 297
14700536, 297
14716136, 297
14731736, 297
14747336, 297
14762936, 297
14778536, 296
14794136, 298
14809736, 297
14825336, 297
14840952, 298
14856536, 297
14872136, 298
14887736, 297
14903336, 298
14918936, 296
14934536, 298
14950136, 297
14965736, 298
14981336, 298
14996936, 296
15012536, 298
15028136, 297
15043736, 297
15059336, 297
15074936, 298
15090536, 297
15106136, 297
15121736, 297
15137336, 297
15152936, 297
15168536, 297
15184136, 297
15199736, 297
15215336, 297
15230936, 297
15246536, 296
15262136, 296
15277736, 297
15293336, 297
15308936, 297
15324536, 297
15340136, 297
15355736, 296
15371336, 297
15386936, 297
15402536, 297
15418136, 298
15433736, 297
15449336, 297
15464936, 296
15480536, 297
15496136, 297
15511736, 297
15527336, 297
15542936, 297
15558536, 296
15574144, 296
15589736, 297
15605336, 297
15620936, 297
15636536, 297
15652136, 296
15667736, 297
15683336, 297
15698936, 297
15714536, 297
15730136, 297
15745736, 297
15761336, 296
15776936, 297
15792536, 297
15808136, 296
15823736, 297
15839352, 297
15854936, 297
15870536, 297
15886136, 297
15901736, 297
15917336, 297
15932936, 297
15948536, 297
15964136, 297
15979736, 297
15995336, 297
16010936, 297
16026536, 297
16042136, 297
16057736, 297
16073336, 297
16088936, 297
16104536, 297
16120136, 296
16135736, 297
16151336, 297
16166936, 297
16182536, 297
16198136, 297
16213736, 297
16229336, 297
16244936, 297
16260536, 297
16276136, 297
16291736, 296
16307336, 297
16322936, 297
16338536, 297
16354136, 297
16369736, 297
16385336, 296
16400936, 297
16416536, 296
16432136, 297
16447736, 297
16463336, 297
16478936, 297
16494536, 297
16510136, 297
16525736, 297
16541336, 297
16556936, 297
16572536, 296
16588136, 297
16603736, 297
16619336, 296
16634936, 296
16650536, 296
16666136, 297
16681736, 296
16697336, 297
16712936, 296
16728536, 297
16744136, 296
16759736, 297
16775336, 297
16790936, 297
16806536, 297
16822136, 297
16837752, 297
16853336, 296
16868936, 297
16884536, 297
16900136, 297
16915736, 297
16931336, 296
16946936, 297
16962536, 297
16978136, 297
16993736, 297
17009336, 297
17024936, 297
17040536, 297
17056136, 296
17071736, 297
17087336, 296
17102936, 296
17118536, 297
17134136, 297
17149736, 297
17165336, 297
17180936, 297
17196536, 297
17212136, 297
17227736, 297
17243336, 297
17258936, 296
17274536, 296
17290136, 296
17305736, 297
17321336, 297
17336936, 297
17352536, 297
17368136, 297
17383736, 297
17399336, 297
17414936, 297
17430536, 297
17446136, 295
17461736, 297
17477336, 296
17492936, 296
17508536, 296
17524136, 296
17539736, 297
17555336, 297
17570936, 296
17586536, 296
17602136, 297
17617736, 296
17633336, 296
17648936, 297
17664536, 297
17680136, 297
17695736, 296
17711336, 296
17726936, 296
17742536, 296
17758136, 297
17773736, 296
17789336, 296
17804936, 296
17820536, 296
17836152, 296
17851736, 297
17867336, 296
17882936, 297
17898536, 297
17914136, 297
17929736, 297
17945336, 297
17960936, 296
17976536, 296
17992136, 297
18007736, 296
18023336, 296
18038936, 296
18054536, 296
18070136, 297
18085736, 297
18101336, 296
18116936, 296
18132536, 295
18148136, 295
18163736, 296
18179336, 295
18194936, 297
18210536, 296
18226136, 296
18241736, 295
18257336, 296
18272936, 297
18288536, 296
18304136, 296
18319736, 296
18335336, 295
18350936, 296
18366536, 297
18382136, 297
18397736, 296
18413336, 296
18428936, 296
18444536, 296
18460136, 296
18475736, 295
18491336, 297
18506936, 296
18522536, 296
18538136, 296
18553736, 297
18569336, 296
18584936, 297
18600536, 296
18616136, 296
18631736, 296
18647336, 296
18662936, 296
18678536, 296
18694136, 296
18709736, 296
18725336, 296
18740936, 296
18756536, 296
18772136, 296
18787736, 296
18803336, 296
18818936, 296
18834552, 296
18850136, 295
18865736, 296
18881336, 296
18896936, 296
18912536, 296
18928136, 296
18943736, 297
18959336, 297
18974936, 297
18990536, 296
19006136, 296
19021736, 296
19037336, 296
19052936, 296
19068536, 297
19084136, 296
19099736, 296
19115336, 297
19130936, 296
19146536, 296
19162136, 296
19177736, 296
19193336, 297
19208936, 296
19224536, 296
19240136, 295
19255736, 296
19271336, 295
19286936, 297
19302536, 296
19318136, 296
19333736, 296
19349336, 296
19364936, 296
19380536, 295
19396136, 297
19411736, 296
19427336, 296
19442936, 296
19458536, 296
19474136, 296
19489736, 296
19505336, 297
19520936, 296
19536536, 296
19552136, 296
19567736, 296
19583336, 296
19598936, 296
19614536, 296
19630136, 296
19645736, 296
19661336, 296
19676936, 296
19692536, 296
19708136, 297
19723736, 296
19739336, 296
19754936, 296
19770536, 296
19786136, 296
19801736, 296
19817336, 296
19832952, 296
19848536, 296
