
time,signal
0,1023
2,1023
4,1023
5,1023
7,1023
8,1023
9.1023
11,1023
18,1023
28,1023
38,1023
50,1023
83, 1023
95, 1023
105, 1022
117, 1023
129, 1023
140, 1023
151, 1023
162, 1023
174, 1023
186, 1023
197, 1023
208, 1023
220, 1023
231, 1023
243, 1023
254, 1021
266, 1023
277, 1023
288, 1023
300, 1023
312, 1023
323, 1023
334, 1022
346, 1023
357, 1023
368, 1023
380, 1023
392, 1023
403, 1023
414, 1023
425, 1023
437, 1023
449, 1023
460, 1023
472, 1023
483, 1023
494, 1023
505, 1023
518, 1023
529, 1023
540, 1023
551, 1023
563, 1022
575, 1023
586, 1023
598, 1023
609, 1023
620, 1023
631, 1023
644, 1023
655, 1023
666, 1023
677, 1023
689, 1023
700, 1023
712, 1023
723, 1023
735, 1023
746, 1023
757, 1023
769, 1023
781, 1023
792, 1023
803, 1023
815, 1023
826, 1023
837, 1023
849, 1022
861, 1023
872, 1023
883, 1023
894, 1023
906, 1023
918, 1023
929, 1023
941, 1023
952, 1023
963, 1023
975, 1023
987, 1023
998, 1023
1009, 1023
1021, 1023
1034, 1023
1047, 1023
1059, 1023
1072, 1023
1084, 1023
1096, 1023
1110, 1023
1122, 1023
1134, 1023
1146, 1023
1159, 1023
1171, 1023
1184, 1023
1197, 1023
1209, 1023
1221, 1023
1233, 1023
1247, 1023
1259, 1023
1271, 1023
1284, 1023
1296, 1023
1309, 1023
1321, 1022
1334, 1023
1346, 1023
1358, 1023
1371, 1023
1384, 1023
1396, 1023
1409, 1023
1421, 1023
1433, 1023
1446, 1022
1459, 1023
1471, 1023
1483, 1023
1496, 1023
1509, 1023
1521, 1023
1533, 1023
1546, 1023
1558, 1023
1570, 1023
1584, 1023
1596, 1023
1608, 1023
1620, 1023
1633, 1023
1646, 1023
1658, 1023
1671, 1023
1683, 1023
1695, 1023
1709, 1023
1721, 1023
1733, 1023
1745, 1023
1758, 1023
1770, 1023
1783, 1023
1796, 1022
1808, 1023
1820, 1022
1832, 1023
1846, 1023
1858, 1023
1870, 1023
1883, 1023
1895, 1023
1908, 1023
1921, 1023
1933, 1023
1945, 1023
1957, 1023
1970, 1023
1983, 1023
1995, 1023
2008, 1023
2020, 1023
2032, 1023
2045, 1023
2058, 1023
2070, 1023
2082, 1023
2095, 1023
2108, 1023
2120, 1023
2132, 1023
2145, 1023
2157, 1023
2169, 1023
2183, 1023
2195, 1023
2207, 1023
2220, 1022
2232, 1023
2245, 1023
2257, 1023
2270, 1023
2282, 1023
2294, 1023
2308, 1023
2320, 1023
2332, 1023
2344, 1023
2357, 1023
2369, 1023
2382, 1022
2395, 1023
2407, 1023
2419, 1023
2432, 1023
2445, 1023
2457, 1023
2469, 1022
2482, 1023
2494, 1023
2507, 1023
2520, 1023
2532, 1023
2544, 1023
2556, 1023
2569, 1022
2582, 1023
2594, 1023
2607, 1023
2619, 1023
2631, 1023
2644, 1023
2657, 1023
2669, 1023
2681, 1023
2694, 1021
2707, 1023
2719, 1023
2732, 1023
2744, 1023
2756, 1021
2768, 1023
2782, 1023
2794, 1023
2806, 1020
2819, 1023
2831, 1023
2844, 1023
2856, 1023
2869, 1023
2881, 1023
2893, 1023
2907, 1023
2919, 1023
2931, 1023
2944, 1020
2956, 1021
2968, 1019
2981, 1023
2994, 1023
3006, 1023
3018, 1023
3031, 1023
3044, 1023
3056, 1023
3068, 1023
3081, 1021
3093, 1023
3106, 1023
3119, 1021
3131, 1018
3143, 1023
3155, 1023
3168, 1023
3181, 1023
3193, 1023
3206, 1023
3218, 1023
3230, 1022
3244, 1020
3256, 1023
3268, 1023
3280, 1020
3293, 1023
3306, 1023
3318, 1023
3331, 1023
3343, 1023
3355, 1023
3367, 1020
3381, 1023
3393, 1019
3405, 1020
3418, 1023
3430, 1023
3443, 1023
3456, 1023
3468, 1020
3480, 1021
3492, 1023
3506, 1023
3518, 1023
3530, 1023
3543, 1023
3555, 1017
3567, 1023
3580, 1023
3593, 1023
3605, 1023
3617, 1023
3630, 1021
3643, 1023
3655, 1022
3667, 1023
3680, 1023
3692, 1023
3705, 1020
3718, 1021
3730, 1023
3742, 1023
3755, 1023
3767, 1023
3780, 1023
3792, 1020
3805, 1020
3817, 1023
3829, 1023
3843, 1023
3855, 1023
3867, 1023
3879, 1021
3892, 1020
3905, 1023
3917, 1023
3930, 1023
3942, 1023
3954, 1021
3966, 1022
3980, 1021
3992, 1019
4004, 1023
4017, 1023
4029, 1023
4042, 1022
4055, 1023
4067, 1023
4079, 1021
4091, 1023
4105, 1023
4117, 1021
4129, 1023
4142, 1023
4154, 1023
4166, 1023
4179, 1023
4192, 1023
4204, 1023
4216, 1023
4229, 1022
4242, 1018
4254, 1023
4267, 1021
4279, 1023
4291, 1023
4304, 1021
4317, 1020
4329, 1023
4341, 1023
4354, 1023
4366, 1023
4379, 1023
4391, 1022
4404, 1023
4416, 1022
4428, 1023
4442, 1023
4454, 1023
4466, 1023
4478, 1023
4491, 1023
4504, 1020
4516, 1023
4529, 1023
4541, 1023
4553, 1021
4566, 1023
4579, 1022
4591, 1018
4603, 1023
4616, 1023
4628, 1023
4641, 1023
4654, 1023
4666, 1023
4678, 1023
4690, 1023
4704, 1023
4716, 1023
4728, 1023
4741, 1020
4753, 1023
4765, 1023
4779, 1023
4791, 1023
4803, 1023
4815, 1021
4828, 1022
4841, 1020
4853, 1023
4866, 1023
4878, 1021
4890, 1023
4903, 1023
4916, 1023
4928, 1023
4940, 1023
4953, 1023
4965, 1023
4978, 1019
4990, 1023
5003, 1023
5015, 1021
5027, 1023
5041, 1023
5053, 1023
5065, 1021
5078, 1023
5090, 1023
5103, 1023
5115, 1023
5128, 1023
5140, 1023
5152, 1022
5165, 1020
5178, 1023
5190, 1023
5202, 1023
5215, 1023
5227, 1023
5240, 1023
5253, 1018
5265, 1023
5277, 1023
5289, 1023
5303, 1021
5315, 1023
5327, 1023
5340, 325
5351, 326
5362, 326
5374, 326
5386, 325

5420, 325
5432, 325
5444, 325
5455, 325
5467, 324
5478, 326
5489, 324
5501, 324
5513, 325
5524, 325
5535, 325
5547, 325
5558, 324
5570, 325
5581, 325
5593, 324
5604, 325
5615, 325
5626, 324
5639, 324
5650, 324
5661, 325
5672, 324
5684, 324
5695, 324
5707, 324
5719, 325
5730, 324
5741, 325
5752, 324
5764, 325
5776, 324
5787, 324
5798, 325
5810, 323
5821, 325
5833, 325
5844, 324
5856, 325
5867, 323
5878, 324
5890, 325
5902, 324
5913, 324
5924, 324
5936, 324
5947, 324
5958, 324
5970, 324
5982, 324
5993, 323
6004, 323
6016, 323
6027, 323
6039, 324
6050, 324
6062, 323
6073, 324
6084, 324
6095, 323
6108, 324
6119, 324
6130, 324
6141, 323
6153, 324
6164, 324
6176, 324
6188, 324
6199, 323
6210, 323
6221, 324
6234, 324
6245, 323
6256, 324
6267, 324
6279, 324
6290, 323
6302, 324
6313, 324
6325, 324
6336, 324
6347, 324
6359, 323
6371, 323
6382, 324
6393, 324
6405, 323
6416, 323
6427, 324
6439, 322
6451, 322
6462, 324
6473, 324
6484, 324
6496, 323
6508, 322
6519, 324
6531, 322
6542, 323
6553, 324
6565, 324
6577, 324
6588, 324
6599, 323
6610, 324
6622, 323
6634, 322
6645, 324
6657, 323
6668, 322
6679, 323
6690, 324
6703, 323
6714, 324
6725, 323
6736, 323
6748, 323
6759, 322
6771, 323
6782, 324
6794, 323
6805, 324
6816, 323
6828, 323
6840, 324
6851, 323
6862, 323
6874, 323
6885, 324
6896, 324
6908, 322
6920, 323
6931, 323
6942, 323
6953, 323
6966, 322
6977, 323
6988, 323
7000, 324
7011, 323
7022, 323
7034, 323
7046, 323
7057, 322
7068, 324
7079, 323
7091, 323
7103, 323
7114, 323
7126, 323
7137, 323
7148, 323
7159, 322
7172, 323
7183, 323
7194, 323
7205, 323
7217, 323
7228, 323
7240, 322
7251, 323
7263, 323
7274, 323
7285, 324
7298, 323
7309, 323
7320, 323
7331, 323
7343, 322
7354, 322
7366, 323
7377, 323
7389, 323
7400, 323
7411, 323
7422, 323
7435, 323
7446, 323
7457, 322
7469, 322
7480, 323
7491, 323
7503, 322
7515, 322
7526, 322
7537, 322
7548, 323
7560, 323
7572, 323
7583, 323
7595, 322
7606, 323
7617, 323
7628, 323
7641, 323
7652, 322
7663, 323
7674, 323
7686, 322
7698, 323
7709, 322
7720, 323
7732, 322
7743, 323
7754, 323
7767, 322
7778, 322
7789, 323
7800, 322
7812, 322
7823, 322
7835, 323
7846, 323
7858, 322
7869, 322
7880, 323
7891, 323
7904, 323
7915, 322
7926, 323
7938, 323
7949, 323
7960, 322
7972, 322
7984, 323
7995, 323
8006, 323
8017, 322
8030, 322
8041, 322
8052, 323
8064, 323
8075, 322
8086, 322
8098, 322
8110, 322
8121, 322
8132, 322
8143, 322
8155, 322
8167, 321
8178, 322
8189, 322
8201, 322
8212, 322
8223, 323
8236, 322
8247, 322
8258, 322
8269, 322
8281, 322
8292, 321
8304, 323
8315, 323
8327, 321
8338, 322
8349, 322
8360, 322
8373, 322
8384, 322
8395, 321
8407, 322
8418, 322
8430, 322
8441, 322
8453, 322
8464, 321
8475, 322
8486, 322
8499, 323
8510, 322
8521, 322
8532, 322
8544, 322
8555, 322
8567, 322
8579, 321
8590, 322
8601, 322
8612, 322
8624, 323
8636, 322
8647, 321
8658, 323
8670, 321
8681, 322
8692, 322
8705, 322
8716, 322
8727, 322
8738, 322
8750, 323
8762, 321
8773, 322
8784, 322
8796, 322
8807, 322
8818, 322
8830, 323
8842, 321
8853, 322
8864, 322
8876, 322
8887, 322
8899, 321
8910, 322
8922, 321
8933, 321
8944, 322
8955, 322
8968, 322
8979, 322
8990, 322
9001, 322
9013, 322
9024, 322
9036, 322
9048, 322
9059, 322
9070, 323
9081, 322
9093, 321
9105, 322
9116, 322
9127, 322
9139, 322
9150, 322
9162, 322
9174, 322
9185, 322
9196, 322
9207, 322
9219, 322
9231, 322
9242, 321
9253, 322
9265, 322
9276, 322
9287, 322
9299, 322
9311, 322
9322, 321
9333, 322
9345, 321
9356, 322
9368, 322
9379, 322
9391, 322
9402, 321
9413, 322
9424, 322
9437, 321
9448, 321
9459, 321
9470, 322
9482, 322
9494, 321
9505, 322
9517, 322
9528, 322
9539, 322
9550, 321
9563, 321
9574, 321
9585, 322
9596, 322
9608, 322
9619, 322
9631, 322
9643, 322
9654, 322
9665, 322
9676, 322
9688, 322
9700, 322
9711, 321
9722, 320
9734, 320
9745, 322
9756, 322
9768, 321
9780, 321
9791, 321
9802, 322
9814, 322
9825, 321
9837, 322
9848, 322
9860, 321
9871, 322
9882, 321
9894, 321
9906, 321
9917, 320
9928, 321
9939, 322
9951, 322
9963, 321
9974, 321
9986, 321
9997, 320
10008, 321
10020, 322
10034, 321
10046, 321
10058, 321
10071, 321
10083, 321
10096, 321
10108, 321
10121, 322
10133, 320
10145, 322
10158, 322
10171, 322
10183, 321
10195, 322
10208, 321
10220, 321
10233, 321
10246, 321
10258, 321
10270, 321
10283, 321
10296, 321
10308, 321
10320, 321
10333, 320
10345, 321
10357, 321
10371, 321
10383, 321
10395, 321
10407, 321
10420, 321
10433, 321
10445, 320
10458, 321
10470, 320
10482, 321
10496, 322
10508, 320
10520, 321
10532, 321
10545, 321
10557, 321
10570, 321
10583, 320
10595, 321
10607, 321
10619, 321
10633, 321
10645, 321
10657, 321
10670, 321
10682, 320
10695, 321
10707, 321
10720, 320
10732, 321
10744, 321
10757, 321
10770, 321
10782, 321
10795, 321
10807, 321
10819, 320
10832, 321
10845, 321
10857, 321
10869, 321
10882, 321
10895, 321
10907, 321
10919, 321
10932, 321
10944, 320
10956, 320
10970, 321
10982, 321
10994, 321
11006, 320
11019, 321
11032, 320
11044, 322
11057, 321
11069, 321
11081, 321
11095, 321
11107, 321
11119, 322
11131, 321
11144, 321
11156, 320
11169, 321
11182, 321
11194, 321
11206, 320
11218, 321
11232, 321
11244, 321
11256, 320
11269, 320
11281, 321
11294, 321
11307, 320
11319, 321
11331, 321
11343, 321
11356, 320
11369, 321
11381, 321
11394, 321
11406, 321
11418, 321
11431, 320
11444, 320
11456, 321
11468, 321
11481, 321
11494, 321
11506, 321
11518, 320
11531, 321
11543, 320
11555, 320
11569, 320
11581, 320
11593, 321
11606, 321
11618, 320
11631, 320
11643, 321
11656, 320
11668, 320
11680, 320
11694, 321
11706, 321
11718, 321
11730, 320
11743, 320
11755, 321
11768, 320
11781, 320
11793, 320
11805, 321
11817, 321
11831, 321
11843, 321
11855, 321
11868, 321
11880, 321
11893, 321
11906, 321
11918, 320
11930, 321
11942, 321
11955, 321
11968, 320
11980, 320
11993, 321
12005, 321
12017, 320
12030, 321
12043, 321
12055, 321
12067, 321
12080, 320
12093, 321
12105, 319
12118, 321
12130, 320
12142, 321
12154, 320
12168, 321
12180, 321
12192, 321
12205, 321
12217, 321
12230, 321
12242, 321
12255, 320
12267, 320
12279, 321
12293, 320
12305, 320
12317, 321
12329, 321
12342, 321
12354, 321
12367, 321
12380, 320
12392, 321
12404, 320
12417, 320
12430, 320
12442, 319
12454, 320
12467, 320
12479, 320
12492, 321
12505, 321
12517, 321
12529, 321
12541, 321
12554, 321
12567, 321
12579, 321
12592, 321
12604, 319
12616, 320
12630, 320
12642, 320
12654, 319
12666, 321
12679, 321
12692, 319
12704, 320
12717, 321
12729, 320
12741, 320
12753, 319
12767, 321
12779, 320
12791, 321
12804, 320
12816, 320
12829, 320
12841, 320
12854, 320
12866, 321
12878, 319
12892, 320
12904, 321
12916, 320
12929, 320
12941, 320
12953, 320
12966, 320
12979, 320
12991, 320
13003, 320
13016, 320
13029, 320
13041, 320
13053, 320
13066, 320
13078, 320
13091, 320
13104, 321
13116, 320
13128, 320
13140, 320
13153, 320
13166, 320
13178, 319
13191, 321
13203, 321
13215, 320
13229, 320
13241, 320
13253, 320
13265, 320
13278, 320
13291, 320
13303, 321
13316, 320
13328, 320
13340, 320
13352, 320
13366, 320
13378, 320
13390, 320
13403, 321
13415, 320
13428, 319
13441, 319
13453, 320
13465, 320
13477, 319
13491, 320
13503, 320
13515, 319
13528, 320
13540, 320
13552, 320
13565, 320
13578, 320
13590, 319
13602, 320
13615, 321
13628, 320
13640, 321
13652, 320
13665, 320
13677, 320
13690, 319
13703, 320
13715, 320
13727, 320
13740, 320
13752, 319
13765, 319
13777, 320
13790, 320
13802, 321
13814, 320
13828, 320
13840, 320
13852, 319
13864, 320
13877, 320
13890, 320
13902, 320
13915, 320
13927, 320
13939, 321
13952, 321
13965, 320
13977, 320
13989, 320
14002, 320
14014, 320
14027, 320
14040, 320
14052, 319
14064, 320
14076, 320
14090, 320
14102, 320
14114, 319
14127, 320
14139, 321
14151, 319
14164, 320
14177, 320
14189, 320
14201, 319
14214, 320
14227, 320
14239, 319
14252, 319
14264, 320
14276, 320
14289, 320
14302, 319
14314, 320
14326, 320
14339, 321
14351, 320
14364, 320
14376, 320
14389, 320
14401, 320
14413, 320
14427, 319
14439, 320
14451, 320
14464, 320
14476, 320
14489, 320
14501, 320
14514, 319
14526, 320
14538, 320
14551, 319
14564, 320
14576, 320
14588, 320
14601, 320
14613, 320
14626, 320
14639, 320
14651, 319
14663, 319
14675, 320
14689, 320
14701, 320
14713, 320
14726, 320
14738, 320
14750, 320
14764, 320
14776, 320
14788, 319
14800, 319
14813, 320
14826, 320
14838, 319
14851, 320
14863, 320
14875, 320
14888, 320
14901, 320
14913, 320
14925, 320
14938, 320
14950, 319
14963, 319
14976, 320
14988, 319
15000, 320
15012, 319
15026, 320
15038, 320
15050, 320
15063, 319
15075, 319
15088, 320
15100, 320
15113, 319
15125, 320
15137, 320
15150, 319
15163, 320
15175, 319
15187, 320
15200, 319
15212, 320
15225, 320
15238, 319
15250, 320
15262, 319
15275, 320
15288, 320
15300, 319
15312, 319
15325, 320
15337, 320
15349, 319
15363, 319
15375, 320
15387, 320
15399, 319
15412, 320
15425, 320
15437, 319
15450, 319
15462, 319
15474, 319
15488, 320
15500, 320
15512, 320
15524, 320
15537, 319
15549, 319
15562, 319
15575, 319
15587, 320
15599, 320
15611, 319
15625, 319
15637, 320
15649, 319
15662, 318
15674, 320
15687, 318
15699, 318
15712, 319
15724, 320
15736, 319
15749, 319
15762, 320
15774, 319
15787, 319
15799, 320
15811, 320
15824, 320
15837, 319
15849, 319
15861, 318
15874, 319
15887, 320
15899, 320
15911, 320
15924, 320
15936, 319
15948, 320
15962, 320
15974, 318
15986, 319
15998, 319
16011, 319
16024, 319
16036, 319
16049, 318
16061, 319
16073, 319
16087, 320
16099, 320
16111, 318
16123, 319
16136, 319
16148, 319
16161, 319
16174, 320
16186, 319
16198, 320
16210, 319
16224, 320
16236, 320
16248, 320
16261, 319
16273, 319
16286, 319
16299, 319
16311, 319
16323, 319
16335, 320
16348, 319
16361, 319
16373, 319
16386, 318
16398, 319
16410, 320
16423, 320
16436, 319
16448, 318
16460, 320
16473, 319
16486, 319
16498, 319
16510, 319
16523, 318
16535, 320
16547, 319
16561, 319
16573, 320
16585, 318
16598, 319
16610, 319
16623, 319
16635, 320
16648, 320
16660, 319
16672, 319
16686, 319
16698, 319
16710, 319
16722, 319
16735, 319
16747, 319
16760, 319
16773, 319
16785, 319
16797, 319
16809, 319
16823, 318
16835, 320
16847, 320
16860, 320
16872, 319
16885, 318
16898, 319
16910, 319
16922, 319
16934, 319
16947, 319
16960, 320
16972, 318
16985, 319
16997, 319
17009, 319
17022, 318
17035, 319
17047, 319
17059, 318
17072, 319
17085, 319
17097, 319
17110, 319
17122, 318
17134, 319
17146, 319
17160, 318
17172, 319
17184, 319
17197, 319
17209, 319
17222, 319
17234, 319
17247, 319
17259, 319
17271, 319
17285, 318
17297, 319
17309, 319
17321, 319
17334, 319
17346, 319
17359, 319
17372, 319
17384, 319
17396, 319
17409, 318
17422, 319
17434, 320
17446, 319
17459, 319
17471, 318
17484, 319
17497, 319
17509, 319
17521, 319
17533, 318
17546, 319
17559, 319
17571, 319
17584, 319
17596, 319
17608, 319
17622, 319
17634, 319
17646, 319
17658, 319
17671, 319
17684, 319
17696, 319
17709, 319
17721, 319
17733, 319
17745, 320
17759, 319
17771, 318
17783, 319
17796, 319
17808, 319
17821, 319
17833, 319
17846, 319
17858, 318
17870, 319
17884, 319
17896, 319
17908, 319
17921, 319
17933, 320
17945, 319
17958, 318
17971, 319
17983, 319
17995, 318
18008, 318
18021, 319
18033, 319
18045, 319
18058, 319
18070, 319
18083, 318
18096, 319
18108, 318
18120, 318
18132, 319
18145, 319
18158, 319
18170, 319
18183, 318
18195, 319
18207, 318
18221, 319
18233, 319
18245, 319
18257, 318
18270, 318
18283, 319
18295, 319
18308, 318
18320, 319
18332, 319
18344, 319
18358, 319
18370, 319
18382, 319
18395, 319
18407, 319
18420, 319
18433, 319
18445, 318
18457, 318
18469, 319
18483, 319
18495, 318
18507, 319
18520, 318
18532, 319
18544, 318
18557, 319
18570, 320
18582, 319
18594, 318
18607, 318
18620, 319
18632, 317
18644, 318
18657, 319
18669, 319
18682, 318
18695, 319
18707, 319
18719, 319
18732, 319
18744, 318
18757, 319
18769, 319
18782, 319
18794, 318
18806, 319
18820, 319
18832, 318
18844, 319
18856, 319
18869, 319
18882, 319
18894, 319
18907, 319
18919, 319
18931, 319
18944, 319
18957, 319
18969, 319
18981, 319
18994, 318
19006, 319
19019, 319
19032, 318
19044, 318
19056, 319
19068, 319
19082, 318
19094, 318
19106, 318
19119, 318
19131, 318
19143, 319
19156, 319
19169, 319
19181, 318
19193, 318
19206, 318
19219, 318
19231, 319
19244, 319
19256, 319
19268, 319
19281, 318
19294, 319
19306, 319
19318, 319
19331, 318
19343, 319
19356, 318
19368, 319
19381, 318
19393, 319
19405, 318
19419, 318
19431, 319
19443, 319
19456, 319
19468, 319
19481, 318
19493, 319
19506, 317
19518, 317
19530, 318
19543, 319
19556, 319
19568, 319
19580, 318
19593, 319
19605, 319
19618, 318
19631, 319
19643, 319
19655, 318
19667, 318
19681, 319
19693, 318
19705, 318
19718, 319
19730, 318
19742, 318
19756, 319
19768, 317
19780, 318
19792, 318
19805, 319
19818, 319
19830, 319
19843, 318
19855, 318
19867, 318
19880, 318
19893, 319
19905, 318
19917, 319
19930, 318
19942, 318
19955, 318
19968, 318
19980, 318
19992, 318
20004, 319
20018, 318
20030, 317
20042, 318
20055, 319
20067, 319
20080, 317
20092, 319
20105, 319
20117, 319
20129, 317
20142, 318
20155, 318
20167, 318
20179, 318
20192, 319
20204, 319
20217, 317
20230, 319
20242, 317
20254, 319
20267, 319
20280, 319
20292, 318
20304, 318
20317, 319
20329, 318
20341, 318
20355, 318
20367, 318
20379, 318
20391, 318
20404, 318
20417, 319
20429, 318
20442, 319
20454, 319
20466, 319
20480, 318
20492, 318
20504, 319
20516, 318
20529, 319
20541, 319
