time,signal
0, 1023 
1, 1023
3, 1023
4, 1023
5, 1023
7, 1023
14, 1023
24, 1023
34, 1023
45, 1023
55, 1023
66, 1023
76, 1023
87, 1023
97, 1023
107, 1023
118, 1023
131, 1023
142, 1023
153, 1023
164, 1023
176, 1023
187, 1021
199, 1023
210, 1023
222, 1023
233, 1023
244, 1023
256, 1023
268, 1023
279, 1023
290, 1023
302, 1023
313, 1023
325, 1023
336, 1023
348, 1023
359, 1023
370, 1023
381, 1023
394, 1023
405, 1023
416, 1023
428, 1022
439, 1023
450, 1022
462, 1023
474, 1023
485, 1022
496, 1023
507, 1023
519, 1023
531, 1023
542, 1023
553, 1023
565, 1023
576, 1023
587, 1023
600, 1023
611, 1023
622, 1023
633, 1023
645, 1023
657, 1023
668, 1023
679, 1023
691, 1023
702, 1023
713, 1021
726, 1023
737, 1023
748, 1023
759, 1023
771, 1023
782, 1022
794, 1023
805, 1023
817, 1023
828, 1022
839, 1023
850, 1021
863, 1023
874, 1023
885, 1019
897, 1022
908, 1023
919, 1023
931, 1023
943, 1023
954, 1022
965, 1023
976, 1023
988, 1023
1000, 1023
1012, 1021
1025, 1023
1037, 1023
1049, 1023
1062, 1022
1075, 1023
1087, 1023
1099, 1023
1112, 1023
1125, 1023
1137, 1023
1149, 1023
1162, 1023
1174, 1023
1186, 1023
1200, 1021
1212, 1023
1224, 1023
1236, 1023
1249, 1023
1262, 1023
1274, 1023
1287, 1021
1299, 1023
1311, 1020
1325, 1023
1337, 1023
1349, 1023
1361, 1023
1374, 1023
1386, 1023
1399, 1023
1412, 1023
1424, 1023
1436, 1023
1448, 1023
1462, 1023
1474, 1023
1486, 1023
1499, 1020
1511, 1023
1524, 1023
1537, 1023
1549, 1023
1561, 1023
1573, 1023
1586, 1023
1599, 1023
1611, 1021
1624, 1023
1636, 1023
1648, 1023
1661, 1022
1674, 1023
1686, 1021
1698, 1023
1711, 1020
1724, 1023
1736, 1023
1748, 1023
1761, 1023
1773, 1023
1785, 1020
1799, 1023
1811, 1022
1823, 1022
1836, 1023
1848, 1023
1861, 1023
1873, 1022
1886, 1023
1898, 1023
1910, 1023
1924, 1023
1936, 1023
1948, 1023
1960, 1023
1973, 1021
1985, 1023
1998, 1016
2011, 1023
2023, 1023
2035, 1023
2048, 1023
2061, 1023
2073, 1023
2085, 1021
2098, 1023
2110, 1020
2123, 1023
2136, 1020
2148, 1023
2160, 1020
2172, 1023
2185, 1020
2198, 1023
2210, 1023
2223, 1023
2235, 1023
2247, 1023
2260, 1020
2273, 1023
2285, 1020
2297, 1015
2310, 1023
2323, 1019
2335, 1023
2348, 1023
2360, 1023
2372, 1023
2384, 1023
2398, 1021
2410, 1023
2422, 1023
2435, 1023
2447, 1023
2460, 1023
2472, 1023
2485, 1021
2497, 1022
2509, 1020
2523, 1023
2535, 1023
2547, 1023
2560, 1023
2572, 1023
2584, 1022
2597, 1023
2610, 1021
2622, 1023
2634, 1023
2647, 1023
2660, 1022
2672, 1020
2684, 1023
2697, 1016
2709, 1023
2722, 1023
2757, 335
2769, 336
2781, 334
2793, 334
2804, 335
2816, 335
2827, 335
2838, 335
2849, 334
2862, 334
2873, 335
2884, 334
2895, 334
2907, 334
2918, 333
2930, 334
2941, 334
2953, 334
2964, 334
2975, 334
2988, 333
2999, 334
3010, 334
3021, 333
3033, 333
3044, 332
3056, 333
3067, 333
3079, 334
3090, 332
3101, 333
3112, 332
3125, 332
3136, 332
3147, 333
3159, 332
3170, 332
3181, 333
3193, 332
3205, 333
3216, 333
3227, 332
3238, 332
3250, 333
3262, 332

3273, 332
3284, 332
3296, 333
3307, 333
3319, 333
3331, 333
3342, 333
3353, 333
3364, 333
3376, 332
3388, 333
3399, 333
3410, 333
3422, 332
3433, 333
3444, 332
3457, 332
3468, 332
3479, 332
3490, 333
3502, 331
3513, 332
3525, 332
3536, 332
3548, 333
3559, 332
3570, 333
3581, 332
3594, 332
3605, 331
3616, 331
3628, 331
3639, 332
3650, 332
3662, 332
3674, 332
3685, 332
3696, 332
3707, 332
3720, 332
3731, 332
3742, 332
3753, 333
3765, 332
3776, 331
3788, 332
3800, 332
3811, 331
3822, 331
3833, 332
3845, 332
3857, 332
3868, 331
3879, 332
3891, 332
3902, 332
3913, 332
3926, 332
3937, 332
3948, 331
3959, 331
3971, 331
3982, 331
3994, 332
4005, 331
4017, 331
4028, 332
4039, 330
4051, 330
4063, 331
4074, 331
4085, 330
4097, 331
4108, 331
4120, 331
4131, 330
4143, 330
4154, 331
4165, 331
4176, 331
4189, 330
4200, 331
4211, 331
4222, 331
4234, 331
4245, 331
4257, 331
4269, 331
4280, 331
4291, 331
4302, 331
4314, 331
4326, 330
4337, 331
4348, 330
4360, 331
4371, 331
4382, 331
4395, 331
4406, 331
4417, 330
4428, 331
4440, 330
4452, 331
4463, 329
4474, 331
4486, 330
4497, 330
4508, 331
4520, 330
4532, 330
4543, 330
4554, 330
4566, 330
4577, 330
4589, 329
4600, 330
4612, 330
4623, 330
4634, 329
4645, 330
4658, 330
4669, 330
4680, 331
4691, 330
4703, 330
4714, 330
4726, 330
4738, 330
4749, 330
4760, 330
4771, 330
4784, 330
4795, 330
4806, 330
4817, 330
4829, 330
4840, 331
4852, 330
4864, 330
4875, 330
4886, 330
4897, 329
4909, 330
4921, 330
4932, 330
4943, 330
4955, 329
4966, 330
4977, 329
4989, 330
5001, 330
5012, 330
5023, 329
5035, 329
5046, 330
5058, 330
5069, 330
5081, 329
5092, 330
5103, 330
5114, 329
5127, 330
5138, 330
5149, 329
5160, 330
5172, 330
5184, 329
5195, 329
5207, 329
5218, 329
5229, 329
5240, 329
5253, 329
5264, 329
5275, 330
5286, 330
5298, 329
5309, 330
5321, 330
5332, 329
5344, 330
5355, 330
5366, 330
5378, 330
5390, 330
5401, 329
5412, 330
5424, 330
5435, 329
5446, 330
5458, 330
5470, 330
5481, 330
5492, 330
5504, 330
5516, 330
5527, 330
5538, 330
5550, 329
5561, 330
5572, 330
5584, 330
5596, 330
5607, 329
5618, 330
5629, 329
5641, 329
5653, 329
5664, 330
5676, 329
5687, 329
5698, 329
5709, 329
5722, 329
5733, 329
5744, 329
5755, 329
5767, 329
5778, 329
5790, 329
5801, 329
5813, 329
5824, 329
5835, 329
5847, 328
5859, 329
5870, 329
5881, 329
5893, 329
5904, 328
5916, 329
5927, 328
5939, 329
5950, 329
5961, 330
5972, 329
5985, 329
5996, 328
6007, 329
6019, 329
6030, 329
6041, 329
6053, 330
6065, 329
6076, 329
6087, 329
6098, 329
6110, 330
6122, 329
6133, 330
6145, 329
6156, 329
6167, 329
6178, 329
6191, 329
6202, 329
6213, 329
6224, 329
6236, 328
6248, 328
6259, 329
6270, 329
6282, 329
6293, 329
6304, 329
6317, 329
6328, 329
6339, 329
6350, 329
6362, 328
6373, 329
6385, 329
6396, 328
6408, 329
6419, 329
6430, 329
6441, 329
6454, 328
6465, 330
6476, 329
6488, 329
6499, 329
6510, 329
6522, 328
6534, 329
6545, 329
6556, 329
6567, 329
6579, 329
6591, 329
6602, 329
6614, 329
6625, 328
6636, 329
6648, 329
6660, 329
6671, 328
6682, 328
6693, 329
6705, 329
6717, 328
6728, 329
6739, 329
6751, 328
6762, 329
6773, 329
6786, 329
6797, 329
6808, 329
6819, 329
6831, 329
6842, 328
6854, 329
6865, 329
6877, 329
6888, 329
6899, 329
6910, 329
6923, 328
6934, 329
6945, 329
6957, 329
6968, 328
6980, 329
6991, 329
7003, 329
7014, 328
7025, 329
7036, 329
7049, 329
7060, 329
7071, 328
7083, 329
7094, 329
7105, 328
7117, 329
7129, 329
7140, 329
7151, 329
7162, 329
7174, 328
7186, 328
7197, 329
7208, 328
7220, 329
7231, 329
7242, 329
7255, 328
7266, 328
7277, 329
7288, 328
7300, 329
7311, 328
7323, 328
7334, 329
7346, 328
7357, 328
7368, 327
7380, 327
7392, 328
7403, 328
7414, 328
7426, 328
7437, 329
7449, 328
7460, 328
7472, 328
7483, 328
7494, 329
7505, 328
7518, 328
7529, 329
7540, 328
7552, 328
7563, 327
7574, 328
7586, 329
7598, 327
7609, 328
7620, 328
7631, 328
7643, 328
7655, 328
7666, 328
7677, 328
7689, 328
7700, 329
7712, 328
7724, 328
7735, 328
7746, 328
7757, 328
7769, 328
7781, 328
7792, 329
7803, 328
7815, 329
7826, 328
7837, 328
7849, 328
7861, 328
7872, 329
7883, 328
7895, 328
7906, 327
7918, 328
7929, 328
7941, 328
7952, 328
7963, 328
7974, 329
7987, 328
7998, 327
8009, 327
8020, 327
8032, 328
8043, 329
8055, 328
8067, 327
8078, 328
8089, 328
8100, 328
8113, 328
8124, 327
8135, 327
8146, 328
8158, 329
8169, 328
8181, 328
8193, 328
8204, 327
8215, 327
8226, 327
8238, 327
8250, 328
8261, 328
8272, 328
8284, 328
8295, 326
8306, 328
8318, 328
8330, 328
8341, 327
8352, 327
8364, 328
8375, 327
8387, 328
8398, 327
8410, 328
8421, 327
8432, 328
8444, 328
8456, 327
8467, 326
8478, 328
8489, 328
8501, 327
8513, 327
8524, 328
8536, 328
8547, 328
8558, 327
8569, 327
8582, 328
8593, 328
8604, 328
8615, 328
8627, 328
8638, 328
8650, 328
8662, 328
8673, 327
8684, 328
8695, 327
8707, 327
8719, 328
8730, 327
8741, 328
8753, 327
8764, 327
8775, 328
8787, 328
8799, 327
8810, 328
8821, 327
8833, 328
8845, 328
8856, 328
8867, 328
8879, 327
8890, 328
8901, 327
8913, 328
8925, 327
8936, 328
8947, 327
8958, 328
8970, 328
8982, 327
8993, 328
9005, 327
9016, 327
9027, 327
9038, 327
9051, 326
9062, 327
9073, 328
9084, 327
9096, 326
9107, 327
9119, 327
9131, 327
9142, 327
9153, 327
9164, 326
9177, 326
9188, 326
9199, 327
9210, 327
9222, 327
9233, 327
9245, 327
9256, 326
9268, 327
9279, 327
9290, 326
9302, 327
9314, 327
9325, 326
9336, 327
9348, 327
9359, 327
9370, 327
9382, 327
9394, 326
9405, 327
9416, 327
9427, 327
9439, 327
9451, 326
9462, 327
9474, 327
9485, 327
9496, 327
9507, 326
9520, 327
9531, 327
9542, 326
9553, 326
9565, 326
9577, 327
9588, 327
9600, 327
9611, 326
9622, 327
9633, 326
9646, 327
9657, 327
9668, 327
9679, 326
9691, 326
9702, 327
9714, 327
9725, 327
9737, 326
9748, 326
9759, 327
9771, 327
9783, 326
9794, 327
9805, 326
9817, 326
9828, 326
9839, 327
9851, 327
9863, 327
9874, 327
9885, 326
9896, 326
9909, 327
9920, 327
9931, 326
9943, 327
9954, 326
9965, 326
9977, 326
9989, 327
10000, 326
10012, 327
10024, 326
10037, 327
10050, 326
10062, 327
10075, 327
10087, 326
10099, 327
10113, 327
10125, 326
10137, 326
10149, 326
10162, 326
10175, 326
10187, 327
10200, 326
10212, 327
10224, 327
10236, 327
10250, 327
10262, 326
10274, 326
10287, 326
10299, 327
10312, 326
10324, 327
10337, 327
10349, 326
10361, 327
10375, 326
10387, 326
10399, 327
10412, 326
10424, 326
10436, 327
10449, 326
10462, 326
10474, 326
10486, 326
10499, 325
10512, 326
10524, 325
10536, 325
10549, 326
10561, 326
10574, 325
10587, 326
10599, 325
10611, 326
10624, 326
10636, 326
10649, 327
10661, 325
10674, 325
10686, 325
10698, 327
10712, 327
10724, 326
10736, 326
10748, 326
10761, 326
10774, 325
10786, 326
10799, 326
10811, 325
10823, 325
10835, 326
10849, 326
10861, 326
10873, 326
10886, 326
10898, 326
10911, 325
10924, 327
10936, 326
10948, 327
10960, 326
10974, 326
10986, 325
10998, 326
11011, 326
11023, 326
11035, 325
11048, 326
11061, 325
11073, 327
11085, 326
11098, 326
11111, 325
11123, 326
11136, 326
11148, 326
11160, 326
11173, 326
11186, 326
11198, 326
11210, 326
11223, 326
11235, 326
11248, 326
11260, 325
11273, 326
11285, 325
11297, 326
11311, 326
11323, 325
11335, 326
11347, 326
11360, 326
11373, 326
11385, 326
11398, 326
11410, 326
11422, 326
11435, 326
11448, 325
11460, 325
11472, 325
11485, 325
11497, 325
11510, 326
11523, 327
11535, 325
11547, 325
11559, 326
11573, 325
11585, 326
11597, 325
11610, 326
11622, 326
11634, 326
11648, 325
11660, 325
11672, 325
11684, 325
11697, 326
11710, 326
11722, 326
11735, 326
11747, 326
11759, 326
11772, 326
11785, 325
11797, 326
11809, 326
11822, 325
11834, 326
11847, 326
11859, 326
11872, 325
11884, 325
11896, 326
11910, 326
11922, 326
11934, 326
11947, 326
11959, 326
11972, 325
11984, 325
11997, 325
12009, 326
12021, 325
12034, 325
12047, 326
12059, 325
12071, 326
12084, 325
12096, 326
12109, 326
12122, 326
12134, 326
12146, 326
12158, 325
12172, 326
12184, 326
12196, 324
12209, 326
12221, 326
12233, 325
12247, 326
12259, 326
12271, 325
12283, 324
12296, 325
12309, 325
12321, 326
12334, 326
12346, 326
12358, 326
12371, 325
12384, 325
12396, 326
12408, 326
12421, 325
12433, 326
12446, 324
12459, 325
12471, 325
12483, 326
12495, 325
12509, 325
12521, 326
12533, 325
12546, 325
12558, 324
12571, 325
12583, 324
12596, 324
12608, 325
12620, 326
12633, 325
12646, 325
12658, 325
12670, 326
12683, 326
12695, 325
12708, 326
12721, 325
12733, 326
12745, 325
12758, 325
12771, 325
12783, 325
12795, 324
12808, 325
12820, 324
12832, 326
12846, 325
12858, 326
12870, 326
12882, 326
12895, 326
12908, 325
12920, 325
12933, 325
12945, 326
12957, 326
12971, 325
12983, 326
12995, 326
13007, 325
13020, 325
13032, 326
13045, 326
13058, 325
13070, 326
13082, 327
13094, 326
13108, 326
13120, 326
13132, 327
13145, 325
13157, 325
13170, 326
13182, 326
13195, 326
13207, 325
13219, 326
13232, 326
13245, 326
13257, 325
13270, 326
13282, 326
13294, 326
13307, 326
13320, 326
13332, 326
13344, 325
13357, 326
13370, 326
13382, 325
13394, 326
13407, 325
13419, 327
13431, 326
13445, 326
13457, 326
13469, 325
13481, 326
13494, 327
13507, 326
13519, 326
13532, 326
13544, 326
13556, 326
13570, 325
13582, 326
13594, 325
13606, 325
13619, 326
13631, 326
13644, 325
13657, 325
13669, 326
13681, 326
13693, 326
13707, 327
13719, 326
13731, 326
13744, 326
13756, 326
13769, 327
13782, 326
13794, 325
13806, 326
13818, 326
13831, 326
13844, 326
13856, 325
13869, 326
13881, 325
13893, 326
13906, 326
13919, 327
13931, 327
13943, 326
13956, 326
13969, 326
13981, 326
13993, 326
14006, 326
14018, 325
14030, 326
14044, 326
14056, 327
14068, 326
14081, 326
14093, 326
14106, 326
14118, 327
14131, 326
14143, 325
14155, 326
14169, 326
14181, 326
14193, 326
14205, 325
14218, 325
14230, 326
14243, 326
14256, 327
14268, 326
14280, 326
14292, 327
14306, 326
14318, 326
14330, 326
14343, 326
14355, 325
14368, 326
14381, 326
14393, 326
14405, 326
14417, 326
14430, 326
14443, 327
14455, 325
14468, 326
14480, 326
14492, 326
14505, 325
14518, 326
14530, 327
14542, 327
14555, 326
14568, 325
14580, 326
14593, 327
14605, 327
14617, 326
14629, 327
14643, 327
14655, 326
14667, 326
14680, 326
14692, 327
14705, 326
14717, 326
14730, 327
14742, 326
14754, 326
14768, 326
14780, 326
14792, 327
14804, 327
14817, 326
14829, 327
14842, 327
14855, 326
14867, 327
14879, 325
14892, 327
14905, 327
14917, 326
14929, 327
14942, 326
14954, 327
14967, 327
14980, 327
14992, 327
15004, 326
15016, 326
15029, 326
15042, 327
15054, 326
15067, 327
15079, 327
15091, 326
15105, 327
15117, 327
15129, 326
15141, 327
15154, 325
15167, 327
15179, 326
15192, 327
15204, 327
15216, 326
15228, 326
15242, 327
15254, 326
15266, 326
15279, 325
15291, 326
15304, 326
15316, 326
15329, 327
15341, 325
15353, 326
15367, 326
15379, 325
15391, 327
15404, 326
15416, 326
15428, 327
15441, 327
15454, 327
15466, 327
15478, 327
15491, 327
15504, 326
15516, 327
15528, 326
15541, 325
15553, 327
15566, 326
15579, 326
15591, 325
15603, 325
15616, 326
15628, 326
15641, 327
15653, 325
15666, 327
15678, 327
15690, 327
15704, 327
15716, 327
15728, 327
15740, 327
15753, 326
15766, 326
15778, 326
15791, 326
15803, 327
15815, 327
15827, 326
15841, 327
15853, 327
15865, 326
15878, 326
15890, 326
15903, 326
15916, 327
15928, 326
15940, 327
15952, 326
15966, 326
15978, 326
15990, 326
16003, 326
16015, 327
16027, 326
16040, 326
16053, 326
16065, 327
16077, 326
16090, 326
16103, 326
16115, 326
16128, 327
16140, 326
16152, 327
16165, 327
16178, 326
16190, 326
16202, 326
16215, 327
16227, 326
16240, 326
16252, 327
16265, 327
16277, 326
16289, 326
16303, 327
16315, 327
16327, 326
16339, 327
16352, 327
16365, 326
16377, 327
16390, 327
16402, 326
16414, 327
16427, 327
16440, 326
16452, 326
16464, 327
16477, 326
16489, 327
16502, 327
16515, 327
16527, 327
16539, 327
16551, 326
16565, 326
16577, 327
16589, 327
16602, 327
16614, 326
16626, 326
16640, 326
16652, 326
16664, 327
16676, 327
16689, 327
16702, 327
16714, 327
16727, 327
16739, 326
16751, 326
16764, 327
16777, 327
16789, 327
16801, 327
16814, 327
16826, 326
16839, 327
16851, 327
16864, 325
16876, 327
16888, 327
16902, 326
16914, 327
16926, 327
16939, 326
16951, 327
16964, 327
16976, 326
16989, 327
17001, 327
17013, 326
17026, 327
17039, 327
17051, 327
17063, 326
17076, 326
17088, 326
17101, 327
17114, 326
17126, 326
17138, 327
17150, 327
17164, 326
17176, 326
17188, 327
17201, 326
17213, 327
17225, 326
17239, 325
17251, 327
17263, 327
17275, 326
17288, 327
17301, 326
17313, 325
17326, 326
17338, 326
17350, 326
17363, 327
17376, 325
17388, 326
17400, 326
17413, 326
17425, 327
17438, 326
17451, 327
17463, 326
17475, 326
17487, 326
17501, 326
17513, 326
17525, 326
17538, 326
17550, 326
17563, 326
17575, 326
17588, 326
17600, 326
17612, 326
17625, 326
17638, 326
17650, 327
17662, 327
17675, 327
17687, 326
17700, 326
17713, 326
17725, 326
17737, 325
17750, 326
17763, 326
17775, 326
17787, 326
17800, 325
17812, 326
17824, 326
17838, 325
17850, 326
17862, 326
17874, 326
17887, 326
17900, 325
17912, 326
17925, 325
17937, 326
17949, 326
17963, 326
17975, 325
17987, 326
17999, 326
18012, 326
18024, 326
18037, 326
18050, 326
18062, 326
18074, 326
18086, 326
18100, 325
18112, 326
18124, 325
18137, 325
18149, 325
18162, 325
18174, 326
18187, 326
18199, 326
18211, 325
18224, 325
18237, 326
18249, 325
18262, 326
18274, 325
18286, 325
18299, 325
18312, 325
18324, 326
18336, 326
18349, 325
18362, 326
18374, 326
18386, 325
18399, 326
18411, 325
18423, 325
18437, 326
18449, 326
18461, 326
18473, 325
18486, 325
18499, 326
18511, 326
18524, 326
18536, 326
18548, 326
18562, 326
18574, 325
18586, 325
18598, 326
18611, 326
18623, 324
18636, 326
18649, 325
18661, 325
18673, 327
18685, 325
18699, 325
18711, 325
18723, 326
18736, 324
18748, 325
18761, 326
18774, 326
18786, 324
18798, 326
18810, 325
18823, 326
18836, 326
18848, 324
18861, 325
18873, 325
18885, 326
18898, 326
18911, 326
18923, 325
18935, 325
18948, 325
18961, 326
18973, 325
18985, 325
18998, 325
19010, 326
19022, 325
19036, 326
19048, 326
19060, 325
19073, 326
19085, 324
19098, 326
19110, 325
19123, 326
19135, 325
19147, 326
19161, 325
19173, 326
19185, 326
19197, 325
19210, 326
19222, 325
19235, 325
19248, 325
19260, 325
19272, 325
19284, 326
19298, 325
19310, 325
19322, 326
19335, 326
19347, 326
19360, 326
19373, 326
19385, 325
19397, 326
19409, 326
19422, 326
19435, 325
19447, 326
19460, 326
19472, 326
19484, 326
19497, 326
19510, 326
19522, 326
19534, 326
19547, 326
19560, 326
19572, 326
19585, 326
19597, 326
19609, 325
19621, 326
19635, 326
19647, 326
19659, 326
19672, 326
19684, 325
19697, 326
19709, 325
19722, 326
19734, 326
19746, 327
19760, 326
19772, 326
19784, 326
19796, 326
19809, 326
19821, 325
19834, 327
19847, 326
19859, 326
19871, 325
19884, 326
19897, 326
19909, 325
19921, 326
19934, 326
19946, 326
19959, 326
19972, 326
19984, 326
19996, 325
20008, 326
20021, 324
20034, 326
20046, 325
20059, 326
20071, 326
20083, 325
20097, 326
20109, 326
20121, 325
20133, 326
20146, 325
20159, 326
20171, 325
20184, 325
20196, 326
20208, 325
20220, 326
20234, 326
20246, 325
20258, 326
20271, 326
20283, 326
20296, 326
20308, 326
20321, 326
20333, 326
20345, 325
20359, 326
20371, 326
20383, 325
20396, 326
20408, 326
20420, 326
20433, 325
20446, 325
20458, 326
20470, 326
20483, 325
20496, 325
20508, 326
20520, 326
20533, 326
20545, 326
20558, 326
20571, 326
20583, 325
20595, 326
20608, 326
20620, 324
20633, 325
20645, 325
20658, 325
20670, 326
20682, 325
20696, 326
20708, 325
20720, 326
20732, 326
20745, 324
20758, 326
20770, 325
20783, 326
20795, 325
20807, 325
20819, 325
20833, 325
20845, 326
20857, 324
20870, 326
20882, 325
20895, 326
20908, 326
20920, 324
20932, 326
20944, 325
20958, 326
20970, 326
20982, 325
20995, 326
21007, 326
21019, 325
21032, 326
21045, 325
21057, 325
21069, 326
21082, 325
21095, 325
21107, 326
21120, 326
21132, 325
21144, 324
21157, 325
21170, 326
21182, 325
21194, 325
21207, 325
21219, 325
21232, 325
21244, 325
21257, 326
21269, 325
21281, 326
21295, 325
21307, 325
21319, 325
21331, 325
21344, 325
21357, 324
21369, 324
21382, 325
21394, 325
21406, 325
21419, 324
21432, 325
21444, 324
21456, 325
21469, 325
21481, 325
21494, 324
21507, 325
21519, 325
21531, 325
21543, 325
21557, 325
21569, 325
21581, 324
21594, 326
21606, 325
21618, 325
21632, 325
21644, 325
21656, 325
21668, 325
21681, 325
21694, 325
21706, 325
21719, 325
21731, 324
21743, 325
21756, 325
21769, 324
21781, 325
21793, 325
21806, 325
21818, 325
21831, 324
21843, 324
21856, 325
21868, 324
21880, 324
21894, 325
21906, 325
21918, 325
21931, 325
21943, 325
21956, 325
21968, 324
21981, 324
21993, 324
22005, 325
22018, 325
22031, 325
22043, 324
22055, 325
22068, 325
22080, 325
22093, 325
22106, 324
22118, 324
22130, 325
22142, 324
22156, 324
22168, 324
22180, 325
22193, 325
22205, 324
22217, 323
22231, 325
22243, 325
22255, 325
22267, 324
22280, 324
22293, 324
22305, 324
22318, 325
22330, 324
22342, 325
22355, 325
22368, 325
22380, 325
22392, 325
22405, 325
22417, 325
22430, 324
22443, 324
22455, 324
22467, 325
22479, 324
22493, 324
22505, 325
22517, 325
22530, 324
22542, 324
22555, 325
22567, 323
22580, 325
22592, 324
22604, 325
22617, 325
22630, 325
22642, 324
22654, 323
22667, 325
22679, 325
22692, 324
22705, 325
22717, 325
22729, 325
22742, 323
22755, 324
22767, 324
22779, 325
22792, 325
22804, 324
22816, 324
22830, 325
22842, 325
22854, 325
22866, 325
22879, 325
22892, 325
22904, 323
22917, 325
22929, 325
22941, 324
22955, 325
22967, 323
22979, 323
22991, 325
23004, 325
23016, 325
23029, 324
23042, 325
23054, 324
23066, 324
23078, 325
23092, 325
23104, 325
23116, 325
23129, 325
23141, 325
23154, 325
23166, 324
23179, 325
23191, 325
23203, 325
23216, 324
23229, 325
23241, 324
23254, 325
23266, 325
23278, 325
23291, 323
23304, 325
23316, 325
23328, 325
23341, 325
23354, 325
23366, 325
23378, 324
23391, 325
23403, 325
23415, 325
23429, 325
23441, 325
23453, 324
23465, 325
23478, 325
23491, 325
23503, 325
23516, 325
23528, 324
23540, 325
23554, 324
23566, 323
23578, 323
23590, 324
23603, 326
23615, 325
23628, 325
23641, 325
23653, 325
23665, 324
23677, 324
23691, 325
23703, 325
23715, 325
23728, 325
23740, 324
23753, 325
23766, 324
23778, 325
23790, 325
23802, 323
23815, 323
23828, 325
23840, 325
23853, 325
23865, 325
23877, 325
23890, 325
23903, 325
23915, 325
23927, 325
23940, 325
23953, 324
23965, 324
23977, 325
23990, 325
24002, 325
24014, 326
24028, 324
24040, 324
24052, 325
24065, 325
24077, 325
24090, 325
24102, 325
24115, 325
24127, 324
24139, 324
24153, 324
24165, 325
24177, 325
24189, 325
24202, 325
24214, 324
24227, 324
24240, 326
24252, 325
24264, 324
24276, 324
24290, 325
24302, 325
24314, 325
24327, 325
24339, 325
24352, 324
24365, 324
24377, 325
24389, 325
24401, 324
24414, 325
24427, 325
24439, 324
24452, 324
24464, 325
24476, 325
24489, 324
24502, 325
24514, 325
24526, 325
24539, 325
24552, 325
24564, 325
24577, 325
24589, 325
24601, 325
24613, 324
24627, 325
24639, 325
24651, 324
24664, 325
24676, 324
24689, 325
24701, 325
24714, 324
24726, 325
24738, 325
24752, 325
24764, 325
24776, 325
24788, 325
24801, 324
24813, 324
24826, 325
24839, 325
24851, 325
24863, 323
24876, 325
24889, 325
24901, 324
24913, 324
24926, 324
24938, 324
24951, 325
24964, 325
24976, 323
24988, 325
25000, 325
25013, 325
25026, 325
25038, 325
25051, 325
25063, 325
25075, 323
25089, 325
25101, 324
25113, 324
25125, 324
25138, 323
25151, 324
25163, 324
25176, 325
25188, 325
25200, 325
25212, 324
25226, 325
25238, 324
25250, 324
25263, 325
25275, 323
25288, 325
25300, 323
25313, 325
25325, 324
25337, 323
25351, 325
25363, 323
25375, 325
25388, 325
25400, 324
25412, 324
25425, 323
25438, 324
25450, 324
25462, 324
25475, 323
25488, 323
25500, 324
25512, 324
25525, 324
25537, 323
25550, 323
25563, 324
25575, 323
25587, 325
25600, 324
25612, 324
25625, 325
25637, 324
25650, 324
25662, 324
25674, 324
25688, 324
25700, 324
25712, 324
25724, 325
25737, 324
25750, 324
25762, 324
25775, 324
25787, 324
25799, 324
25811, 325
25825, 324
25837, 324
25849, 324
25862, 324
25874, 325
25887, 324
25900, 324
25912, 324
25924, 325
25936, 324
25950, 323
25962, 324
25974, 323
25987, 324
25999, 325
26011, 324
26024, 324
26037, 325
26049, 324
26061, 325
26074, 325
26087, 324
26099, 325
26112, 323
26124, 325
26136, 324
26149, 323
26162, 323
26174, 324
26186, 324
26199, 324
26211, 324
26224, 325
26236, 324
26249, 323
26261, 324
26273, 323
26287, 325
26299, 324
26311, 323
26323, 325
26336, 325
26349, 323
26361, 325
26374, 324
26386, 324
26398, 324
26411, 323
26424, 323
26436, 324
26448, 323
26461, 325
26473, 324
26486, 325
26499, 325
26511, 324
26523, 325
26535, 325
26549, 325
26561, 324
26573, 324
26586, 324
26598, 324
26610, 324
26624, 325
26636, 323
26648, 324
26660, 323
26673, 323
26686, 323
26698, 325
26711, 324
26723, 324
26735, 325
26748, 323
26761, 325
26773, 324
26785, 325
26798, 325
26810, 324
26823, 325
26835, 324
26848, 324
26860, 324
26872, 325
26886, 325
26898, 324
26910, 325
26923, 325
26935, 324
26948, 324
26960, 325
26973, 324
26985, 324
26997, 324
27010, 323
27023, 324
27035, 323
27047, 324
27060, 323
27072, 324
27085, 324
27098, 324
27110, 324
27122, 324
27134, 324
27148, 324
27160, 323
27172, 324
27185, 323
27197, 325
27209, 325
27223, 324
27235, 325
27247, 325
27259, 325
27272, 324
27285, 324
27297, 325
27310, 324
27322, 325
27334, 324
27347, 324
27360, 324
27372, 324
27384, 324
27397, 325
27409, 323
27422, 324
27435, 324
27447, 324
27459, 325
27471, 325
27485, 324
27497, 325
27509, 324
27522, 325
27534, 324
27547, 324
27559, 325
27572, 325
27584, 324
27596, 325
27609, 325
27622, 324
27634, 323
27646, 323
27659, 325
27671, 325
27684, 323
27697, 323
27709, 324
27721, 325
27734, 325
27747, 324
27759, 324
27771, 325
27784, 324
27796, 325
27808, 323
27822, 324
27834, 324
27846, 324
27858, 325
27871, 324
27884, 324
27896, 324
27909, 324
27921, 325
27933, 324
27947, 324
27959, 325
27971, 325
27983, 325
27996, 324
28008, 324
28021, 324
28034, 325
28046, 325
28058, 325
28070, 323
28084, 323
28096, 324
28108, 323
28121, 325
28133, 324
28146, 324
28158, 325
28171, 325
28183, 324
28195, 324
28208, 325
28221, 324
28233, 323
28246, 325
28258, 324
28270, 324
28283, 323
28296, 324
28308, 325
28320, 324
28333, 324
28346, 323
28358, 324
28370, 324
28383, 323
28395, 323
28407, 323
28421, 324
28433, 324
28445, 325
28457, 324
28470, 324
28483, 324
28495, 323
28508, 324
28520, 324
28532, 325
28546, 325
28558, 324
28570, 324
28582, 324
28595, 325
28607, 324
28620, 324
28633, 324
28645, 324
28657, 323
28669, 324
28683, 323
28695, 324
28707, 323
28720, 324
28732, 324
28745, 323
28758, 323
28770, 324
28782, 324
28794, 323
28807, 324
28820, 323
28832, 324
28845, 324
28857, 324
28869, 324
28882, 324
28895, 324
28907, 323
28919, 323
28932, 323
28945, 324
28957, 324
28969, 324
28982, 324
28994, 324
29006, 324
29020, 324
29032, 324
29044, 323
29057, 323
29069, 324
29082, 324
29094, 323
29107, 324
29119, 323
29131, 324
29145, 324
29157, 324
29169, 324
29181, 324
29194, 324
29206, 324
29219, 323
29232, 323
29244, 324
29256, 323
29268, 323
29282, 322
29294, 323
29306, 323
29319, 324
29331, 323
29344, 323
29357, 323
29369, 323
29381, 324
29393, 323
29406, 323
29419, 323
29431, 323
29444, 323
29456, 323
29468, 323
29481, 323
29494, 324
29506, 324
29518, 323
29531, 322
29544, 324
29556, 322
29569, 323
29581, 323
29593, 322
29605, 323
29619, 322
29631, 324
29643, 322
29656, 323
29668, 323
29681, 323
29693, 323
29706, 323
29718, 322
29730, 323
29744, 322
29756, 323
29768, 322
29780, 323
29793, 323
29805, 322
29818, 323
29831, 323
29843, 322
29855, 323
29868, 323
29881, 323
29893, 323
29905, 323
29918, 323
29930, 323
29943, 323
29956, 323
29968, 324
29980, 322
29992, 323
30005, 323
