time,signal
0,1020
5,1022
11,1020
16,1020
22,1021
27,1021
33,1019
38,1019
45,1020
50,1022
55,1020
61,1020
66,1021
72,1021
77,1018
83,1018
89,1020
95,1023
104,1021
114,1021
124,1020
135,1020
145,1020
155,1022
165,1021
177,1020
187,1020
197,1022
207,1021
218,1020
228,1020
239,1020
249,1020
260,1020
270,1022
280,1021
290,1021
302,1020
312,1020
322,1020
332,1021
343,1019
353,1020
363,1020
374,1023
385,1019
395,1023
405,1021
415,1021
425,1020
437,1019
447,1020
457,1019
467,1020
478,1020
488,1022
498,1021
509,1022
520,1020
530,1013
540,1019
550,1021
561,1020
572,1019
582,1020
592,1020
603,1023
613,1020
623,1020
634,1020
645,1020
655,1019
665,1020
675,1019
686,1019
696,1021
707,1023
717,1022
728,1021
738,1020
748,1019
758,1020
770,1020
780,1019
790,1019
800,1020
811,1020
821,1021
831,1020
842,1022
852,1021
863,1020
873,1019
883,1019
893,1020
905,1020
915,1020
925,1021
935,1020
946,1014
956,1019
967,1020
977,1020
988,1020
998,1019
1008,1020
1019,1020
1031,1021
1043,1020
1054,1019
1065,1020
1077,1020
1088,1022
1100,1022
1112,1020
1123,1021
1134,1019
1145,1021
1157,1022
1169,1020
1180,1021
1191,1019
1203,1020
1214,1022
1225,1015
1238,1021
1249,1019
1260,1020
1271,1023
1283,1014
1294,1020
1306,1019
1317,1020
1329,1022
1340,1019
1351,1020
1362,1020
1375,1020
1386,1021
1397,1019
1409,1020
1420,1022
1432,1020
1443,1020
1455,1021
1466,1020
1477,1020
1488,1017
1501,1021
1512,1020
1523,1021
1534,1021
1546,1020
1557,1020
1569,1020
1581,1022
1592,1019
1603,1020
1614,1022
1626,1020
1638,1020
1649,1021
1660,1020
1672,1021
1683,1019
1694,1020
1707,1019
1718,1020
1729,1021
1740,1020
1752,1021
1763,1020
1775,1019
1786,1021
1798,1020
1809,1020
1820,1022
1832,1019
1844,1014
1855,1020
1866,1020
1878,1023
1889,1020
1901,1019
1912,1020
1924,1019
1935,1020
1946,1020
1957,1019
1970,1019
1981,1020
1992,1020
2003,1020
2015,1019
2026,1021
2038,1020
2050,1021
2061,1020
2072,1020
2083,1021
2095,1022
2107,1021
2118,1021
2129,1019
2141,1021
2152,1020
2163,1020
2176,1022
2187,1020
2198,1021
2209,1020
2221,1020
2233,1022
2244,1020
2255,1020
2267,1020
2278,1020
2289,1020
2301,1021
2313,1020
2324,1020
2335,1020
2347,1022
2358,1019
2370,1019
2381,1022
2393,1022
2404,1022
2415,1019
2426,1021
2439,1023
2450,1019
2461,1021
2472,1020
2484,1020
2495,1023
2507,1019
2519,1021
2530,1021
2541,1020
2552,1022
2565,1020
2576,1020
2587,1020
2598,1015
2610,1022
2621,1020
2633,1023
2644,1022
2656,1020
2667,1023
2678,1019
2690,1020
2702,1019
2713,1020
2724,1022
2736,1020
2747,1022
2758,1020
2770,1021
2782,1021
2793,1020
2804,1019
2816,1020
2827,1019
2839,1020
2850,1020
2862,1020
2873,1020
2884,1020
2896,1020
2908,1019
2919,1020
2930,1022
2941,1020
2953,1020
2965,1021
2976,1020
2988,1023
2999,1020
3010,1020
3021,1019
3034,1020
3045,1022
3056,1019
3067,1020
3079,1020
3090,1020
3102,1021
3113,1020
3125,1016
3136,1020
3147,1020
3159,1022
3171,1019
3182,1015

3193,1022
3205,1019
3216,1022
3227,1020
3239,1014
3251,1020
3262,1020
3273,1020
3284,1019
3297,1014
3308,1020
3319,1020
3331,1020
3342,1023
3353,1019
3365,1020
3377,1020
3388,1020
3399,1022
3410,1020
3422,1021
3434,1019
3445,1019
3457,1021
3468,1019
3479,1020
3490,1022
3503,1022
3514,1021
3525,1020
3536,1022
3548,1019
3559,1015
3571,1021
3582,1020
3594,1021
3605,1019
3616,1020
3628,1023
3640,1020
3651,1021
3662,1020
3674,1020
3685,1020
3697,1021
3708,1014
3720,1020
3731,1020
3742,1022
3753,1018
3766,1020
3777,1020
3788,1019
3800,1020
3811,1020
3822,1020
3834,1019
3846,1019
3857,1019
3868,1022
3879,1019
3891,1023
3903,1020
3914,1017
3926,1020
3937,1019
3948,1021
3959,1020
3972,1018
3983,1020
3994,1020
4005,1023
4017,1020
4029,1019
4040,1020
4051,1020
4063,1020
4074,1019
4085,1019
4098,1023
4109,1021
4120,1020
4131,1021
4143,1020
4154,1022
4166,1020
4177,1020
4189,1020
4200,1020
4211,1020
4222,1021
4235,1021
4246,1020
4257,1019
4269,1021
4280,1021
4291,1022
4303,1021
4315,1020
4326,1021
4337,1022
4348,1021
4361,1021
4372,1022
4383,1020
4395,1020
4406,1021
4417,1020
4429,1020
4441,1019
4452,1021
4463,1015
4474,1021
4486,1019
4498,1021
4509,1023
4520,1020
4532,1019
4543,1020
4554,1021
4567,1022
4578,1019
4589,1020
4600,1020
4612,1020
4623,1023
4635,1020
4646,1021
4658,1020
4669,1015
4680,1021
4691,1021
4704,1020
4715,1021
4726,1020
4738,1021
4749,1021
4761,1019
4772,1019
4784,1019
4795,1022
4806,1022
4817,1020
4830,1020
4841,1020
4852,1020
4864,1019
4875,1021
4886,1020
4898,1022
4910,1020
4921,1020
4932,1021
4943,1019
4955,1020
4967,1021
4978,1021
4989,1020
5001,1020
5012,1022
5023,1021
5036,1019
5047,1020
5058,1023
5069,1020
5081,1016
5093,1020
5104,1019
5115,1023
5127,1020
5138,1018
5149,1020
5161,1020
5173,1021
5184,1019
5195,1018
5207,1020
5218,1020
5230,1022
5241,1020
5253,1019
5264,1023
5275,1019
5286,1021
5299,1020
5310,1018
5321,1021
5332,1020
5344,1020
5355,1019
5367,1020
5379,1021
5390,1020
5401,1020
5412,1021
5424,1019
5436,1021
5447,1020
5458,1020
5470,1019
5481,1021
5493,1021
5505,1021
5516,1020
5527,1020
5538,1020
5550,1020
5562,1020
5573,1020
5584,1021
5596,1020
5607,1020
5618,1020
5630,1017
5642,1020
5653,1021
5664,1021
5676,1020
5687,1019
5699,1021
5710,1019
5722,1021
5733,1019
5744,1019
5755,1021
5768,1021
5779,1014
5790,1021
5801,1020
5813,1021
5824,1020
5836,1020
5848,1023
5859,1020
5870,1020
5881,1021
5894,1020
5905,1023
5916,1019
5927,1020
5939,1021
5950,1020
5962,1022
5974,1019
5985,1019
5996,1020
6007,1019
6019,1021
6031,1019
6042,1020
6053,1021
6065,1019
6076,1021
6087,1020
6099,1020
6111,1019
6122,1020
6133,1021
6145,1020
6156,1019
6168,1023
6179,1019
6191,1020
6202,1020
6213,1020
6225,1021
6237,1022
6248,1020
6259,1020
6270,1020
6282,1021
6294,1020
6305,1020
6317,1020
6328,1022
6339,1022
6350,1021
6363,1021
6374,1023
6385,1020
6396,1020
6408,1018
6419,1020
6431,1021
6443,1020
6454,1020
6465,1022
6476,1016
6488,1021
6500,1020
6511,1023
6522,1023
6534,1013
6545,1021
6557,1020
6568,1019
6580,1019
6591,1020
6602,1020
6614,1019
6626,1020
6637,1021
6648,1019
6660,1020
6671,1019
6682,1020
6694,1021
6706,1020
6717,1020
6728,1020
6739,1016
6751,1022
6763,1019
6774,1020
6786,1020
6797,1020
6808,1020
6819,1019
6832,1021
6843,1020
6854,1020
6865,1022
6877,1020
6888,1016
6900,1020
6912,1020
6923,1020
6934,1019
6945,1020
6958,1022
6969,1020
6980,1021
6991,1020
7003,1019
7014,1019
7026,1020
7037,1020
7049,1020
7060,1019
7071,1023
7083,1020
7095,1014
7106,1020
7117,1020
7129,1023
7140,1020
7151,1018
7163,1019
7175,1020
7186,1022
7197,1019
7208,1019
7220,1020
7232,1020
7243,1019
7255,1020
7266,1019
7277,1020
7289,1020
7301,1020
7312,1020
7323,1018
7334,1021
7346,1020
7358,1019
7369,1020
7380,1019
7392,1020
7403,1020
7414,1020
7427,1020
7438,1019
7449,1021
7460,1022
7472,1021
7483,1021
7495,1020
7506,1021
7518,1020
7529,1021
7540,1020
7552,1019
7564,1022
7575,1019
7586,1021
7598,1020
7609,1020
7620,1022
7632,1020
7644,1020
7655,1022
7666,1019
7677,1020
7690,1023
7701,1020
7712,1022
7724,1020
7735,1020
7746,1023
7758,1020
7770,1021
7781,1020
7792,1019
7803,1023
7815,1022
7827,1021
7838,1019
7849,1014
7861,1022
7872,1022
7883,1021
7896,1020
7907,1020
7918,1023
7929,1020
7941,1021
7952,1020
7964,1019
7975,1022
7987,1020
7998,1016
8009,1021
8020,1020
8033,1021
8044,1020
8055,1018
8067,1020
8078,1020
8090,1022
8101,1019
8113,1019
8124,1019
8135,1020
8146,1022
8159,1020
8170,1019
8181,1019
8193,1019
8204,1021
8215,1020
8227,1022
8239,1023
8250,1020
8261,1020
8272,1020
8284,1021
8296,1022
8307,1020
8318,1020
8330,1020
8341,1020
8352,1021
8365,1020
8376,1016
8387,1020
8398,1021
8410,1019
8422,1019
8433,1016
8444,1023
8456,1020
8467,1022
8478,1020
8491,1014
8502,1021
8513,1019
8524,1021
8536,1022
8547,1017
8559,1021
8570,1020
8582,1022
8593,1023
8604,1019
8615,1021
8628,1020
8639,1019
8650,1022
8662,1019
8673,1020
8684,1020
8696,1023
8708,1021
8719,1020
8730,1021
8741,1020
8754,1021
8765,1022
8776,1019
8787,1020
8799,1020
8810,1018
8822,1019
8834,1020
8845,1021
8856,1022
8867,1020
8879,1021
8891,1020
8902,1021
8913,1020
8925,1020
8936,1022
8947,1020
8960,1016
8971,1019
8982,1020
8993,1021
9005,1020
9016,1021
9028,1020
9039,1020
9051,1021
9062,1020
9073,1020
9084,1020
9097,1020
9108,1022
9119,1019
9131,1020
9142,1023
9154,1020
9165,1018
9177,1019
9188,1022
9199,1023
9210,1019
9223,1019
9234,1020
9245,1020
9256,1022
9268,1019
9279,1021
9291,1020
9303,1020
9314,1020
9325,1020
9336,1019
9348,1023
9360,1020
9371,1020
9382,1020
9394,1020
9405,1023
9416,1019
9428,1019
9440,1021
9451,1022
9462,1021
9474,1020
9485,1020
9497,1019
9508,1020
9520,1021
9531,1020
9542,1021
9554,1023
9566,1019
9577,1019
9588,1020
9600,1020
9611,1021
9623,1020
9634,1020
9646,1020
9657,1022
9668,1021
9679,1020
9692,1021
9703,1021
9714,1014
9725,1021
9737,1020
9748,1020
9760,1023
9772,1019
9783,1019
9794,1022
9805,1020
9817,1022
9829,1020
9840,1022
9851,1020
9863,1021
9874,1021
9886,1019
9897,1020
9909,1020
9920,1014
9931,1022
9943,1020
9955,1019
9966,1019
9977,1019
9989,1021
10000,1019
10012,1019
10025,1020
10038,1023
10050,1021
10062,1020
10075,1021
10088,1020
10100,1020
10113,1020
10125,1020
10137,1020
10149,1023
10163,1022
10175,1019
10187,1020
10200,1020
10212,1020
10225,1019
10237,1020
10250,1022
10262,1023
10274,1020
10288,1020
10300,1020
10312,1019
10324,1022
10337,1020
10349,1020
10362,1022
10375,1020
10387,1015
10399,1018
10412,1020
10425,1022
10437,1020
10449,1019
10462,1023
10474,1022
10487,1021
10500,1016
10512,1020
10524,1020
10536,1019
10549,1020
10562,1023
10574,1021
10587,1021
10599,1022
10611,1016
10625,1020
10637,1020
10649,1019
10661,1023
10674,1021
10687,1022
10699,1020
10712,1023
10724,1014
10736,1020
10748,1019
10762,1020
10774,1020
10786,1021
10799,1022
10811,1020
10824,1019
10836,1019
10849,1020
10861,1020
10873,1023
10887,1020
10899,1021
10911,1020
10924,1020
10936,1019
10948,1020
10961,1020
10974,1019
10986,1023
10998,1023
11011,1021
11024,1019
11036,1020
11048,1019
11061,1019
11073,1020
11086,1020
11099,1023
11111,1021
11123,1020
11136,1020
11148,1019
11161,1020
11173,1020
11186,1020
11198,1020
11210,1023
11224,1023
11236,1020
11248,1021
11260,1019
11273,1022
11286,1022
11298,1019
11311,1020
11323,1023
11335,1020
11347,1019
11361,1020
11373,1020
11385,1020
11398,1020
11410,1020
11423,1021
11436,1020
11448,1020
11460,1020
11472,1020
11486,1020
11498,1020
11510,1021
11523,1023
11535,1021
11547,1021
11560,1020
11573,1020
11585,1019
11597,1020
11610,1020
11623,1023
11635,1020
11648,1021
11660,1021
11672,1020
11685,1020
11698,1020
11710,1019
11722,1023
11735,1021
11747,1022
11760,1020
11772,1021
11785,1020
11797,1019
11809,1020
11823,1020
11835,1022
11847,1021
11859,1020
11872,1020
11885,1020
11897,1022
11910,1020
11922,1019
11934,1023
11947,1021
11960,1021
11972,1020
11984,1021
11997,1020
12009,1020
12022,1019
12035,1020
12047,1019
12059,1021
12071,1021
12085,1020
12097,1019
12109,1020
12122,1021
12134,1020
12146,1021
12160,1021
12172,1020
12184,1021
12196,1019
12209,1020
12222,1020
12234,1019
12247,1022
12259,1020
12271,1023
12284,1021
12297,1018
12309,1020
12321,1020
12334,1020
12346,1019
12359,1020
12371,1021
12384,1019
12396,1020
12408,1020
12422,1022
12434,1020
12446,1020
12459,1021
12471,1020
12484,1022
12496,1021
12509,1020
12521,1020
12533,1022
12546,1019
12559,1020
12571,1020
12583,1022
12596,1020
12608,1021
12621,1019
12634,1020
12646,1019
12658,1020
12670,1020
12684,1022
12696,1022
12708,1022
12721,1020
12733,1021
12745,1020
12759,1020
12771,1019
12783,1023
12795,1021
12808,1021
12821,1019
12833,1019
12846,1019
12858,1020
12870,1020
12883,1020
12896,1021
12908,1020
12920,1020
12933,1021
12945,1020
12958,1020
12971,1019
12983,1020
12995,1022
13007,1021
13021,1021
13033,1021
13045,1023
13058,1020
13070,1020
13083,1019
13095,1020
13108,1020
13120,1021
13132,1022
13145,1020
13158,1019
13170,1020
13182,1021
13195,1020
13207,1020
13220,1020
13233,1021
13245,1020
13257,1019
13270,1019
13283,1019
13295,1020
13307,1020
13320,1020
13332,1023
13344,1021
13358,1018
13370,1022
13382,1020
13394,1020
13407,1020
13420,1020
13432,1019
13445,1021
13457,1022
13469,1018
13483,1021
13495,1020
13507,1020
13519,1020
13532,1020
13544,1021
13557,1020
13570,1019
13582,1019
13594,1020
13606,1020
13620,1020
13632,1019
13644,1021
13657,1020
13669,1023
13682,1022
13694,1018
13707,1020
13719,1020
13731,1019
13744,1022
13757,1020
13769,1020
13782,1022
13794,1020
13806,1019
13819,1022
13832,1022
13844,1023
13856,1019
13869,1021
13882,1020
13894,1020
13906,1019
13919,1022
13931,1020
13943,1020
13957,1020
13969,1022
13981,1021
13993,1020
14006,1016
14019,1020
14031,1019
14044,1019
14056,1022
14068,1021
14082,1020
14094,1020
14106,1021
14118,1019
14131,1020
14143,1019
14156,1020
14169,1020
14181,1021
14193,1021
14205,1021
14219,1019
14231,1020
14243,1020
14256,1020
14268,1020
14281,1020
14294,1021
14306,1022
14318,1020
14330,1022
14343,1020
14356,1020
14368,1021
14381,1020
14393,1023
14405,1021
14418,1021
14431,1020
14443,1020
14455,1019
14468,1020
14481,1022
14493,1020
14505,1020
14518,1021
14530,1019
14542,1019
14556,1020
14568,1020
14580,1022
14593,1020
14605,1019
14618,1020
14630,1020
14643,1020
14655,1020
14667,1019
14681,1020
14693,1019
14705,1020
14717,1022
14730,1019
14742,1020
14755,1020
14768,1020
14780,1020
14792,1020
14804,1022
14818,1020
14830,1020
14842,1021
14855,1021
14867,1020
14880,1019
14893,1020
14905,1023
14917,1020
14929,1020
14942,1022
14955,1020
14967,1019
14980,1021
14992,1019
15004,1022
15017,1021
15030,1021
15042,1021
15054,1020
15067,1016
15080,1020
15092,1020
15105,1020
15117,1020
15129,1021
15141,1020
15155,1020
15167,1020
15179,1020
15192,1020
15204,1021
15217,1020
15229,1019
15242,1023
15254,1020
15266,1020
15280,1019
15292,1020
15304,1020
15316,1021
15329,1020
15341,1022
15354,1021
15367,1021
15379,1019
15391,1020
15404,1020
15417,1020
15429,1019
15441,1021
15454,1023
15466,1022
15479,1020
15492,1020
15504,1020
15516,1020
15528,1020
15541,1020
15554,1019
15566,1020
15579,1020
15591,1018
15603,1020
15617,1019
15629,1020
15641,1020
15653,1021
15666,1022
15679,1021
15691,1020
15704,1020
15716,1020
15728,1020
15740,1020
15754,1019
15766,1022
15778,1019
15791,1020
15803,1020
15816,1020
15828,1019
15841,1020
15853,1020
15865,1021
15879,1020
15891,1022
15903,1020
15916,1021
15928,1019
15940,1020
15953,1020
15966,1023
15978,1020
15990,1021
16003,1020
16016,1022
16028,1019
16040,1020
16053,1020
16065,1019
16078,1021
16091,1020
16103,1020
16115,1021
16128,1015
16140,1019
16153,1020
16165,1020
16178,1019
16190,1021
16202,1021
16216,1021
16228,1016
16240,1020
16252,1020
16265,1020
16278,1020
16290,1019
16303,1021
16315,1022
16327,1020
16339,1019
16353,1020
16365,1021
16377,1022
16390,1020
16402,1020
16415,1022
16428,1020
16440,1021
16452,1020
16464,1019
16478,1020
16490,1020
16502,1022
16515,1023
16527,1023
16539,1020
16552,1020
16565,1019
16577,1018
16589,1019
16602,1020
16615,1020
16627,1020
16640,1020
16652,1021
16664,1020
16677,1019
16690,1020
16702,1020
16714,1020
16727,1022
16739,1022
16752,1020
16764,1020
16777,1020
16789,1020
16801,1020
16815,1020
16827,1021
16839,1021
16851,1022
16864,1020
16877,1019
16889,1020
16902,1020
16914,1021
16926,1021
16939,1020
16952,1021
16964,1021
16976,1020
16989,1020
17001,1020
17014,1019
17027,1021
17039,1020
17051,1021
17063,1021
17077,1020
17089,1018
17101,1019
17114,1020
17126,1019
17138,1020
17152,1021
17164,1021
17176,1022
17188,1014
17201,1020
17214,1020
17226,1019
17239,1020
17251,1022
17263,1022
17276,1020
17289,1015
17301,1020
17313,1020
17326,1022
17338,1020
17351,1021
17363,1020
17376,1022
17388,1015
17400,1020
17414,1020
17426,1020
17438,1019
17451,1019
17463,1020
17476,1021
17488,1021
17501,1019
17513,1019
17525,1020
17538,1020
17551,1020
17563,1020
17575,1023
17588,1021
17600,1019
17613,1020
17626,1020
17638,1021
17650,1020
17662,1020
17676,1020
17688,1021
17700,1021
17713,1020
17725,1019
17737,1020
17751,1020
17763,1020
17775,1019
17787,1020
17800,1020
17813,1020
17825,1020
17838,1019
17850,1019
17862,1019
17875,1019
17888,1020
17900,1022
17912,1023
17925,1020
17937,1019
17950,1020
17963,1020
17975,1020
17987,1021
17999,1021
18013,1020
18025,1022
18037,1020
18050,1020
18062,1020
18075,1020
18087,1021
18100,1021
18112,1019
18124,1020
18137,1021
18150,1018
18162,1021
18174,1019
18187,1020
18199,1022
18212,1021
18225,1020
18237,1022
18249,1014
18262,1020
18275,1020
18287,1020
18299,1020
18312,1020
18324,1020
18336,1021
18350,1014
18362,1019
18374,1020
18386,1019
18399,1020
18412,1020
18424,1021
18437,1020
18449,1016
18461,1019
18475,1020
18487,1020
18499,1019
18511,1020
18524,1019
18536,1021
18549,1021
18562,1021
18574,1022
18586,1020
18598,1021
18612,1020
18624,1020
18636,1023
18649,1019
18661,1018
18674,1020
18686,1020
18699,1020
18711,1019
18723,1020
18736,1020
18749,1022
18761,1021
18774,1020
18786,1020
18798,1020
18811,1020
18824,1019
18836,1019
18848,1021
18861,1020
18874,1021
18886,1019
18898,1020
18911,1020
18923,1019
18935,1021
18949,1021
18961,1021
18973,1020
18985,1020
18998,1018
19011,1019
19023,1019
19036,1020
19048,1021
19060,1019
19074,1020
19086,1021
19098,1020
19110,1021
19123,1019
19135,1020
19148,1021
19161,1020
19173,1020
19185,1021
19197,1021
19211,1019
19223,1021
19235,1022
19248,1020
19260,1022
19273,1019
19286,1020
19298,1020
19310,1014
19322,1019
19335,1019
19348,1019
19360,1019
19373,1020
19385,1021
19397,1021
19410,1014
19423,1020
19435,1020
19447,1022
19460,1020
19473,1020
19485,1022
19497,1021
19510,1014
19522,1020
19534,1020
19548,1020
19560,1021
19572,1020
19585,1020
19597,1021
19610,1021
19622,1020
19635,1020
19647,1020
19659,1020
19673,1020
19685,1020
19697,1023
19709,1020
19722,1019
19734,1020
19747,1020
19760,1020
19772,1020
19784,1020
19796,1023
19810,1021
19822,1021
19834,1018
19847,1020
19859,1020
19872,1020
19885,1020
19897,1020
19909,1022
19921,1020
19934,1020
19947,1018
19959,1020
19972,1020
19984,1021
19996,1020
20009,1021
