time,signal
0,195
5,391
11,586
16,781
22,976
27,977
33,976
38,976
45,977
50,977
56,976
61,976
67,977
72,977
78,976
83,976
90,977
95,977
101,976
106,976
112,977
117,978
123,977
132,978
141,978
150,978
159,978
169,977
179,977
188,977
197,977
206,977
216,978
225,978
235,978
244,977
253,978
263,977
272,978
281,978
290,978
301,977
310,978
319,978
328,978
337,978
347,978
356,978
366,977
375,977
385,977
394,977
403,976
412,977
421,978
432,977
441,977
450,977
459,977
468,977
478,977
487,977
497,977
506,977
516,977
525,976
534,976
543,977
552,976
563,977
572,977
581,977
590,976
600,976
609,975
618,976
628,976
637,976
647,976
656,976
665,976
674,977
684,977
694,977
703,976
712,976
721,976
731,975
740,975
749,975
758,975
769,976
778,976
787,976
796,976
805,976
815,976
824,976
834,976
843,976
852,976
862,975
871,975
880,976
889,976
900,976
909,976
918,975
927,975
936,975
946,975
955,975
965,975
974,975
984,976
993,976
1002,977
1012,977
1022,977
1034,978
1044,978
1054,978
1064,977
1075,976
1085,976
1096,975
1106,975
1117,975
1127,976
1137,977
1147,977
1158,978
1169,978
1179,977
1189,977
1200,976
1210,975
1220,976
1231,977
1242,978
1252,979
1262,980
1272,979
1283,978
1294,978
1304,977
1314,976
1325,976
1335,977
1345,978
1355,979
1367,980
1377,980
1387,979
1397,978
1408,977
1418,976
1429,975
1439,977
1449,978
1460,979
1470,980
1480,980
1490,979
1502,977
1512,977
1522,976
1532,975
1543,976
1553,977
1564,979
1574,979
1585,980
1595,979
1605,978
1615,977
1627,976
1637,975
1647,975
1657,976
1668,976
1678,977
1688,977
1699,978
1710,977
1720,976
1730,975
1740,975
1751,975
1762,975
1772,976
1782,977
1793,976
1803,976
1813,977
1823,976
1835,975
1845,976
1855,976
1865,976
1875,977
1886,978
1897,977
1907,977
1917,977
1928,976
1938,975
1948,975
1959,975
1970,975
1980,976
1990,977
2000,978
2011,978
2021,978
2032,976
2042,976
2053,975
2063,975
2073,975
2083,976
2095,977
2105,977
2115,978
2125,978
2136,977
2146,976
2156,976
2167,975
2178,976
2188,977
2198,977
2208,978
2219,979
2230,979
2240,978
2250,977
2260,976
2271,975
2281,976
2292,977
2302,978
2313,979
2323,980
2333,980
2343,979
2354,978
2365,977
2375,975
2385,975
2396,976
2406,977
2416,978
2427,979
2438,979
2448,978
2458,977
2468,977
2479,975
2490,974
2500,975
2510,976
2521,977
2531,978
2541,979
2551,978
2563,977
2573,977
2583,976
2593,975
2604,975
2614,976
2625,977
2635,978
2646,978
2656,977
2666,977
2676,976
2686,975
2698,975
2708,975
2718,977
2728,978
2739,978
2749,978
2760,978
2770,977
2781,975
2791,974
2801,974
2811,975
2822,975
2833,976
2843,977
2853,976
2864,976
2874,976
2884,975
2895,974
2906,975
2916,975
2926,975
2936,976
2947,977
2958,976
2968,976
2978,976
2989,975
2999,975
3009,975
3019,975
3031,975
3041,977
3051,977
3061,978
3072,978
3082,978
3093,977
3103,976
3113,975
3124,975
3134,975
3144,976
3155,977
3166,978
3176,979
3186,979
3196,978
3207,977
3217,976
3228,975
3238,976
3249,977
3259,977
3269,978
3279,979
3291,978
3301,978
3311,977
3321,977
3332,976
3342,977
3352,977
3363,978
3374,979
3384,980
3394,979
3404,978
3415,977
3426,976
3436,975
3446,975
3457,976
3467,977
3477,978
3488,979
3499,979
3509,978
3519,978
3529,977
3539,976
3550,975
3561,976
3571,977
3581,977
3592,978
3602,979
3612,978
3623,978
3634,977
3644,976
3654,976
3664,976
3675,977
3685,979
3696,979
3706,979
3717,978
3727,977
3737,976
3747,976
3759,976
3769,976
3779,977
3789,977
3800,978
3810,978
3820,978
3831,977
3842,976
3852,975
3862,975
3872,975
3883,974
3894,976
3904,977
3914,977
3924,977
3935,977
3945,976
3956,975
3966,975
3977,975
3987,975
3997,976
4007,977
4018,978
4029,978
4039,978
4049,977
4060,975
4070,975
4080,975
4091,975
4102,976
4112,977
4122,978
4132,978
4143,978
4153,977
4164,976
4174,974
4185,975
4195,975
4205,976
4215,977
4227,978
4237,979
4247,979
4257,978
4268,977
4278,976
4289,975
4299,976
4310,977
4320,978
4330,978
4340,979
4350,979
4362,979
4372,978
4382,977
4392,976
4403,976
4413,977
4424,978
4434,978
4445,979
4455,979
4465,978
4475,977
4486,977
4497,975
4507,976
4517,977
4528,978
4538,979
4548,979
4559,979
4570,978
4580,977
4590,976
4600,976
4611,975
4622,976
4632,977
4642,978
4653,978
4663,979
4673,978
4683,978
4695,977
4705,976
4715,975
4725,975
4736,976
4746,977
4757,978
4767,978
4777,978
4788,977
4798,976
4808,975
4818,975
4830,975
4840,976
4850,977
4860,978
4871,978
4881,977
4892,976
4902,975
4913,974
4923,974
4933,975
4943,975
4955,976
4965,977
4975,977
4985,977
4996,977
5006,975
5016,974
5027,974
5038,975
5048,975
5058,976
5068,977
5079,977
5090,977
5100,977
5110,976
5121,975
5131,975
5141,975
5152,975
5163,976
5173,977
5183,978
5193,978
5203,978
5214,977
5225,976
5235,975
5245,975
5256,975
5266,976
5276,977
5287,977
5298,978
5308,978
5318,977
5328,977
5339,976
5349,975
5360,976
5370,977
5381,977
5391,979
5401,980
5411,980
5423,979
5433,978
5443,976
5453,976
5464,976
5474,976
5484,978
5495,979
5506,979
5516,979
5526,978
5536,977
5547,977
5558,976
5568,976
5578,977
5588,978
5599,979
5609,980
5620,979
5630,978
5641,977
5651,977
5661,976
5671,975
5682,976
5693,977
5703,978
5713,979
5724,980
5734,979
5744,978
5755,977
5766,976
5776,975
5786,975
5796,976
5807,977
5817,978
5828,978
5838,978
5849,977
5859,976
5869,975
5879,975
5891,976
5901,976
5911,977
5921,978
5932,978
5942,978
5953,977
5963,977
5974,976
5984,976
5994,976
6004,976
6014,976
6026,978
6036,977
6046,977
6056,977
6067,976
6077,975
6088,975
6098,975
6109,975
6119,976
6129,977
6139,977
6150,977
6161,977
6171,976
6181,975
6192,975
6202,975
6212,975
6223,976
6234,977
6244,978
6254,977
6264,977
6275,976
6286,975
6296,974
6306,975
6317,975
6327,976
6337,977
6347,978
6359,979
6369,979
6379,978
6389,977
6400,976
6410,975
6421,976
6431,977
6441,978
6452,979
6462,980
6472,979
6482,978
6494,977
6504,976
6514,975
6524,975
6535,977
6545,978
6556,978
6566,979
6577,979
6587,978
6597,977
6607,976
6619,975
6629,975
6639,976
6649,977
6660,979
6670,980
6680,980
6691,979
6702,978
6712,977
6722,977
6732,975
6743,976
6754,977
6764,978
6774,979
6785,979
6795,978
6805,977
6815,976
6827,975
6837,975
6847,975
6857,977
6867,978
6878,979
6889,978
6899,978
6909,977
6920,976
6930,975
6940,975
6951,975
6962,975
6972,976
6982,977
6992,977
7003,977
7013,977
7024,976
7034,975
7045,975
7055,976
7065,976
7075,976
7087,977
7097,977
7107,977
7117,977
7128,976
7138,975
7148,976
7159,975
7170,975
7180,976
7190,976
7200,976
7211,976
7222,976
7232,975
7242,975
7252,975
7263,975
7273,975
7284,976
7294,977
7305,978
7315,978
7325,978
7335,977
7346,975
7357,975
7367,975
7377,976
7388,977
7398,978
7408,979
7419,980
7430,979
7440,978
7450,977
7460,976
7471,975
7481,976
7492,977
7502,977
7513,978
7523,979
7533,979
7543,979
7555,978
7565,976
7575,976
7585,976
7596,977
7606,978
7617,979
7627,979
7638,979
7648,978
7658,977
7668,976
7678,975
7690,975
7700,976
7710,977
7720,978
7731,979
7741,980
7752,979
7762,978
7773,977
7783,976
7793,974
7803,975
7814,976
7825,978
7835,979
7845,979
7856,978
7866,977
7876,976
7887,975
7898,975
7908,975
7918,976
7928,977
7939,978
7950,977
7960,977
7970,977
7981,976
7991,975
8001,975
8011,975
8023,975
8033,976
8043,977
8053,977
8064,977
8074,977
8085,976
8095,975
8105,975
8116,975
8126,975
8136,976
8147,977
8158,977
8168,976
8178,976
8188,976
8199,975
8209,975
8220,975
8230,975
8241,976
8251,977
8261,977
8271,977
8283,977
8293,976
8303,975
8313,975
8324,975
8334,975
8344,976
8355,978
8366,979
8376,979
8386,979
8396,977
8407,976
8418,975
8428,975
8438,976
8449,977
8459,978
8469,979
8479,980
8491,979
8501,977
8511,976
8521,975
8531,974
8542,975
8553,976
8563,977
8573,978
8584,979
8594,979
8604,978
8615,978
8626,976
8636,976
8646,976
8656,977
8667,977
8677,979
8688,980
8698,980
8709,979
8719,978
8729,977
8739,977
8751,976
8761,978
8771,979
8781,980
8792,980
8802,980
8813,979
8823,978
8834,977
8844,976
8854,975
8864,976
8875,977
8886,978
8896,980
8906,979
8916,978
8927,977
8937,976
8948,975
8958,975
8969,975
8979,977
8989,977
8999,978
9010,978
9021,978
9031,977
9041,976
9052,975
9062,975
9072,975
9083,975
9094,976
9104,977
9114,977
9124,978
9135,977
9145,976
9156,975
9166,975
9177,975
9187,975
9197,976
9207,977
9219,977
9229,978
9239,977
9249,977
9260,975
9270,976
9281,975
9291,975
9302,976
9312,977
9322,977
9332,977
9342,977
9354,976
9364,975
9374,975
9384,975
9395,975
9405,976
9416,977
9426,978
9437,978
9447,978
9457,977
9467,976
9478,975
9489,975
9499,977
9509,978
9520,979
9530,979
9540,980
9551,979
9562,977
9572,976
9582,976
9592,975
9603,976
9614,977
9624,977
9634,978
9645,979
9655,979
9665,977
9675,977
9687,976
9697,975
9707,975
9717,977
9728,978
9738,978
9749,979
9759,979
9769,978
9780,977
9790,976
9800,976
9810,976
9822,977
9832,978
9842,979
9852,979
9863,979
9873,978
9884,977
9894,976
9905,975
9915,975
9925,976
9935,977
9947,978
9957,978
9967,978
9977,977
9988,976
9998,976
10008,975
10020,975
10032,975
10043,975
10054,976
10065,976
10077,976
10089,976
10100,976
10112,976
10123,976
10134,976
10146,976
10158,976
10169,975
10180,975
10191,976
10203,977
10215,977
10226,976
10237,976
10249,976
10260,975
10271,975
10284,976
10295,976
10306,976
10317,976
10329,976
10340,977
10352,976
10363,976
10375,977
10386,977
10397,977
10408,978
10421,978
10432,977
10443,977
10455,977
10466,977
10478,977
10489,978
10501,978
10512,978
10523,977
10534,977
10547,977
10558,978
10569,978
10580,978
10592,977
10603,977
10615,977
10627,977
10638,977
10649,978
10660,977
10672,977
10684,977
10695,977
10706,977
10718,977
10729,977
10740,977
10753,977
10764,978
10775,977
10786,977
10798,977
10809,977
10821,977
10832,977
10844,978
10855,977
10866,977
10878,978
10890,978
10901,978
10912,978
10924,978
10935,978
10947,978
10958,978
10970,978
10981,978
10992,977
11003,978
11016,977
11027,977
11038,977
11049,977
11061,977
11072,977
11084,977
11096,977
11107,977
11118,977
11129,976
11141,976
11153,976
11164,976
11175,976
11187,976
11198,976
11209,976
11222,976
11233,976
11244,976
11255,976
11267,976
11279,976
11290,976
11301,976
11313,976
11324,976
11335,976
11347,976
11359,975
11370,977
11381,977
11393,976
11404,976
11416,976
11427,976
11439,976
11450,976
11461,976
11472,976
11485,976
11496,976
11507,976
11518,977
11530,977
11541,977
11553,977
11565,977
11576,977
11587,977
11598,977
11611,977
11622,977
11633,976
11644,976
11656,976
11667,976
11679,976
11691,977
11702,977
11713,977
11724,978
11736,977
11748,977
11759,977
11770,977
11782,977
11793,977
11804,977
11816,977
11828,977
11839,977
11850,977
11862,977
11873,977
11885,976
11896,977
11908,977
11919,977
11930,977
11942,977
11954,977
11965,977
11976,977
11987,977
11999,977
12011,977
12022,976
12034,977
12045,977
12056,977
12067,977
12080,977
12091,976
12102,976
12113,976
12125,976
12136,976
12148,976
12160,977
12171,977
12182,977
12193,977
12205,977
12217,977
12228,977
12239,976
12251,976
12262,976
12273,976
12285,976
12297,976
12308,976
12319,976
12331,976
12343,976
12354,976
12365,976
12377,976
12388,976
12399,976
12411,976
12423,976
12434,976
12445,976
12456,976
12468,976
12480,977
12491,977
12503,977
12514,977
12525,977
12536,977
12549,977
12560,977
12571,977
12582,977
12594,977
12605,977
12617,977
12628,978
12640,978
12651,978
12662,978
12675,978
12686,978
12697,978
12708,978
12720,978
12731,977
12743,976
12754,976
12766,977
12777,977
12788,976
12800,977
12812,977
12823,977
12834,978
12846,978
12857,978
12868,978
12880,978
12892,978
12903,978
12914,978
12925,978
12937,978
12949,978
12960,978
12972,978
12983,978
12994,977
13005,977
13018,977
13029,977
13040,977
13051,977
13063,977
13075,977
13086,977
13097,977
13109,976
13120,977
13131,977
13144,977
13155,976
13166,976
13177,976
13189,976
13200,975
13212,976
13223,976
13235,975
13246,976
13257,976
13268,976
13281,976
13292,977
13303,976
13315,977
13326,977
13337,977
13349,976
13361,976
13372,977
13383,977
13394,977
13407,976
13418,976
13429,976
13441,976
13452,976
13463,976
13475,976
13487,976
13498,976
13509,976
13520,976
13532,976
13544,977
13555,976
13566,976
13578,976
13589,977
13600,977
13613,977
13624,977
13635,977
13646,977
13658,977
13669,977
13681,977
13692,977
13704,976
13715,976
13726,976
13737,978
13750,978
13761,978
13772,978
13784,978
13795,977
13807,977
13818,978
13830,978
13841,978
13852,978
13863,978
13876,978
13887,978
13898,978
13910,978
13921,978
13932,977
13944,977
13956,976
13967,976
13978,976
13989,976
14001,977
14013,977
14024,977
14035,977
14047,977
14058,977
14069,977
14082,977
14093,977
14104,977
14115,978
14127,978
14139,978
14150,978
14161,977
14173,977
14184,977
14195,977
14208,977
14219,977
14230,977
14241,977
14253,977
14264,977
14276,978
14287,978
14299,977
14310,976
14321,976
14332,976
14345,977
14356,977
14367,977
14379,977
14390,976
14401,975
14413,975
14425,975
14436,975
14447,976
14458,976
14470,976
14482,976
14493,976
14504,976
14516,975
14527,975
14539,975
14551,977
14562,977
14573,977
14584,977
14596,977
14608,977
14619,977
14630,976
14642,976
14653,976
14664,976
14676,977
14688,977
14699,977
14710,977
14722,977
14733,977
14745,977
14756,977
14768,976
14779,976
14790,976
14801,977
14814,977
14825,977
14836,977
14848,977
14859,976
14870,976
14882,976
14894,976
14905,977
14916,977
14927,977
14940,977
14951,977
14962,977
14973,977
14985,977
14996,977
15008,977
15020,977
15031,977
15042,977
15053,977
15065,976
15077,977
15088,977
15099,977
15111,977
15122,977
15133,977
15145,976
15157,976
15168,976
15179,976
15191,977
15202,977
15214,977
15225,977
15237,978
15248,977
15259,977
15271,976
15283,976
15294,976
15305,976
15316,976
15328,976
15340,976
15351,976
15363,976
15374,976
15385,976
15396,977
15409,977
15420,976
15431,976
15442,976
15454,977
15465,977
15477,977
15489,976
15500,976
15511,976
15522,976
15534,976
15546,977
15557,976
15568,976
15580,976
15591,976
15603,975
15614,975
15626,975
15637,976
15648,976
15660,977
15672,977
15683,977
15694,977
15706,976
15717,976
15728,976
15740,976
15752,976
15763,977
15774,977
15785,977
15797,977
15809,978
15820,978
15832,978
15843,978
15854,978
15865,978
15878,978
15889,977
15900,977
15911,978
15923,978
15934,978
15946,978
15958,977
15969,977
15980,977
15991,977
16004,977
16015,978
16026,977
16037,977
16049,977
16060,978
16072,978
16083,978
16095,978
16106,978
16117,978
16129,978
16141,978
16152,979
16163,978
16175,978
16186,978
16197,978
16209,978
16221,978
16232,977
16243,977
16254,977
16266,977
16278,977
16289,977
16301,976
16312,976
16323,976
16334,976
16347,976
16358,976
16369,976
16380,975
16392,976
16404,976
16415,976
16427,976
16438,977
16449,977
16460,977
16473,977
16484,977
16495,976
16506,976
16518,977
16529,976
16541,977
16552,976
16564,976
16575,976
16586,975
16598,975
16610,975
16621,976
16632,976
16644,976
16655,976
16666,976
16678,976
16690,976
16701,975
16712,975
16723,975
16736,975
16747,975
16758,975
16770,976
16781,976
16792,976
16804,977
16816,977
16827,977
16838,977
16849,977
16861,977
16873,977
16884,977
16896,977
16907,976
16918,977
16929,977
16942,977
16953,977
16964,977
16975,978
16987,978
16998,977
17010,978
17021,978
17033,978
17044,978
17055,978
17068,978
17079,978
17090,977
17101,977
17113,977
17124,977
17136,976
17147,977
17159,977
17170,977
17181,978
17192,977
17205,977
17216,977
17227,977
17239,976
17250,977
17261,977
17273,977
17285,976
17296,977
17307,976
17318,976
17330,976
17342,976
17353,976
17364,976
17376,976
17387,977
17398,976
17411,977
17422,977
17433,977
17444,976
17456,977
17468,977
17479,977
17490,976
17502,976
17513,976
17524,976
17537,976
17548,976
17559,976
17570,976
17582,976
17593,976
17605,976
17616,976
17628,977
17639,977
17650,977
17661,976
17674,976
17685,976
17696,976
17708,976
17719,976
17730,977
17742,977
17754,977
17765,978
17776,977
17787,977
17800,977
17811,976
17822,976
17833,977
17845,977
17856,977
17868,977
17880,978
17891,978
17902,977
17913,977
17925,977
17937,977
17948,978
17959,978
17971,978
17982,978
17993,978
18006,978
18017,978
18028,978
18039,977
18051,977
18062,977
18074,976
18085,978
18097,978
18108,977
18119,978
18130,978
18143,978
18154,978
18165,978
18177,978
18188,978
18200,977
18211,977
18223,978
18234,978
18245,978
18256,978
18269,978
18280,978
18291,978
18302,977
18314,977
18325,977
18337,977
18349,977
18360,978
18371,978
18382,978
18394,978
18406,978
18417,978
18428,978
18440,978
18451,976
18462,976
18475,976
18486,975
18497,975
18508,976
18520,976
18531,976
18543,976
18554,976
18566,976
18577,976
18588,976
18600,976
18612,976
18623,976
18634,977
18646,978
18657,977
18669,977
18680,977
18692,976
18703,976
18714,976
18725,977
18738,977
18749,977
18760,977
18771,977
18783,977
18794,977
18806,977
18818,978
18829,978
18840,979
18851,979
18864,979
18875,978
18886,978
18897,978
18909,978
18920,978
18932,978
18944,978
18955,978
18966,978
18977,978
18989,979
19001,979
19012,979
19023,979
19035,979
19046,979
19057,979
19069,979
19081,979
19092,978
19103,978
19115,978
19126,978
19138,977
19149,977
19161,977
19172,977
19183,977
19194,977
19207,977
19218,977
19229,977
19240,977
19252,978
19264,978
19275,978
19287,978
19298,978
19309,978
19320,978
19333,977
19344,977
19355,976
19366,976
19378,977
19389,976
19401,976
19412,976
19424,976
19435,976
19446,976
19458,976
19470,977
19481,977
19492,977
19504,977
19515,977
19526,977
19538,977
19550,976
19561,975
19572,975
19584,975
19595,975
19607,975
19618,975
19630,975
19641,976
19652,975
19664,975
19676,975
19687,975
19698,975
19709,976
19721,976
19733,976
19744,976
19756,976
19767,975
19778,976
19789,976
19802,977
19813,977
19824,977
19835,976
19847,976
19858,976
19870,976
19881,976
19893,976
19904,976
19915,976
19927,976
19939,976
19950,977
19961,977
19973,977
19984,977
19996,977
20007,977
