time,signal
0,97
5,194
11,292
16,389
22,487
27,584
33,681
38,779
45,876
50,974
56,974
61,974
67,974
72,974
78,974
83,973
90,974
95,974
100,974
106,974
112,974
117,974
123,974
131,974
140,974
149,975
158,975
168,975
178,975
187,975
196,975
205,975
215,975
224,975
234,975
243,975
252,975
262,975
271,975
280,975
289,975
300,974
309,974
318,974
327,974
336,974
346,974
355,974
365,975
374,975
384,975
393,975
402,975
411,975
420,974
431,974
440,974
449,974
458,974
467,974
477,973
486,974
496,974
505,974
515,974
524,974
533,974
542,974
551,974
562,974
571,974
580,974
589,974
599,974
608,974
617,974
627,974
636,974
646,973
655,973
664,973
673,973
683,973
692,973
702,973
711,973
720,973
730,973
739,973
748,973
757,973
768,973
777,974
786,974
795,973
804,973
814,973
823,973
833,974
842,974
851,974
861,974
870,973
879,973
888,973
899,973
908,973
917,973
926,973
935,974
945,974
954,974
964,973
973,973
983,974
992,974
1001,974
1011,973
1021,973
1033,973
1043,972
1053,972
1063,972
1074,973
1084,973
1095,974
1105,974
1116,974
1126,974
1136,974
1146,974
1157,974
1168,974
1178,974
1188,974
1199,974
1209,974
1219,974
1230,974
1241,975
1251,975
1261,975
1271,975
1282,975
1293,975
1303,975
1313,975
1324,975
1334,975
1344,975
1354,974
1366,975
1376,975
1386,974
1396,974
1406,975
1417,975
1428,975
1438,975
1448,975
1459,975
1469,975
1479,975
1489,975
1501,975
1511,975
1521,975
1531,975
1542,975
1552,975
1563,975
1573,975
1584,975
1594,974
1604,974
1614,974
1625,974
1636,974
1646,974
1656,974
1667,974
1677,974
1687,974
1698,974
1709,973
1719,973
1729,973
1739,973
1750,973
1761,973
1771,973
1781,973
1792,973
1802,973
1812,973
1822,973
1833,973
1844,974
1854,974
1864,973
1874,974
1885,974
1896,974
1906,974
1916,974
1927,974
1937,974
1947,974
1958,974
1969,974
1979,974
1989,974
1999,974
2010,974
2020,974
2031,973
2041,973
2052,973
2062,974
2072,973
2082,974
2094,974
2104,974
2114,974
2124,974
2135,974
2145,974
2155,974
2166,974
2177,974
2187,974
2197,974
2207,974
2217,974
2229,974
2239,974
2249,974
2259,974
2270,974
2280,975
2291,975
2301,975
2312,975
2322,974
2332,974
2342,974
2353,974
2364,974
2374,975
2384,975
2395,975
2405,975
2415,975
2426,975
2437,975
2447,975
2457,975
2467,975
2478,975
2488,975
2499,975
2509,975
2520,975
2530,975
2540,975
2550,975
2562,975
2572,975
2582,975
2592,975
2603,975
2613,975
2624,975
2634,975
2644,975
2655,974
2665,974
2675,975
2685,974
2697,974
2707,974
2717,974
2727,974
2738,974
2748,975
2759,974
2769,974
2780,974
2790,974
2800,974
2810,973
2821,973
2832,974
2842,974
2852,973
2863,973
2873,973
2883,973
2894,973
2905,973
2915,974
2925,974
2935,973
2946,974
2957,974
2967,974
2977,974
2988,974
2998,974
3008,974
3018,974
3030,974
3040,974
3050,974
3060,974
3070,974
3081,974
3092,974
3102,974
3112,974
3123,974
3133,974
3143,974
3153,974
3165,974
3175,974
3185,974
3195,974
3206,973
3216,973
3227,974
3237,974
3248,974
3258,974
3268,974
3278,974
3290,974
3300,974
3310,974
3320,974
3331,974
3341,975
3351,975
3362,975
3373,975
3383,975
3393,975
3403,975
3414,975
3425,975
3435,975
3445,975
3456,975
3466,975
3476,975
3486,975
3497,975
3508,975
3518,974
3528,974
3538,974
3549,975
3560,975
3570,975
3580,975
3591,975
3601,974
3611,974
3622,975
3633,974
3643,974
3653,974
3663,975
3674,975
3684,975
3695,975
3705,975
3716,975
3726,975
3736,975
3746,975
3758,974
3768,974
3778,974
3788,974
3799,974
3809,974
3819,974
3830,973
3841,973
3851,973
3861,973
3871,973
3881,973
3893,973
3903,973
3913,973
3923,973
3934,974
3944,974
3955,974
3965,974
3976,974
3986,974
3996,974
4006,974
4017,974
4028,974
4038,974
4048,974
4059,974
4069,974
4079,974
4090,974
4101,974
4111,974
4121,974
4131,974
4142,974
4152,974
4163,974
4173,974
4184,974
4194,974
4204,974
4214,974
4226,974
4236,974
4246,974
4256,974
4267,974
4277,974
4288,975
4298,975
4308,974
4319,974
4329,974
4339,974
4349,975
4361,974
4371,975
4381,974
4391,974
4402,975
4412,975
4423,975
4433,975
4444,975
4454,975
4464,975
4474,975
4485,975
4496,975
4506,975
4516,975
4527,975
4537,975
4547,975
4558,975
4569,975
4579,975
4589,975
4599,975
4610,975
4621,975
4631,975
4641,975
4652,975
4662,975
4672,975
4682,975
4694,975
4704,975
4714,975
4724,975
4734,975
4745,975
4756,975
4766,975
4776,974
4787,974
4797,974
4807,974
4817,974
4829,974
4839,974
4849,974
4859,974
4870,974
4880,974
4891,973
4901,974
4912,974
4922,974
4932,974
4942,974
4954,974
4964,974
4974,974
4984,974
4995,974
5005,974
5015,974
5026,973
5037,973
5047,973
5057,973
5067,973
5078,973
5089,973
5099,973
5109,973
5120,973
5130,974
5140,974
5150,974
5161,974
5172,974
5182,974
5192,974
5202,974
5213,974
5224,974
5234,974
5244,975
5255,975
5265,974
5275,974
5286,974
5297,974
5307,975
5317,975
5327,975
5338,974
5348,974
5359,975
5369,975
5380,975
5390,975
5400,975
5410,975
5422,975
5432,975
5442,975
5452,975
5463,975
5473,975
5483,975
5494,975
5505,975
5515,975
5525,975
5535,975
5545,975
5557,975
5567,975
5577,975
5587,975
5598,975
5608,975
5619,975
5629,975
5640,975
5650,975
5660,975
5670,975
5681,975
5692,975
5702,975
5712,975
5723,975
5733,975
5743,975
5754,975
5765,975
5775,975
5785,975
5795,974
5806,974
5816,974
5827,974
5837,974
5848,974
5858,974
5868,974
5878,974
5890,974
5900,974
5910,974
5920,974
5931,974
5941,974
5952,974
5962,974
5972,974
5983,974
5993,974
6003,974
6013,974
6025,974
6035,974
6045,974
6055,974
6066,974
6076,974
6087,974
6097,974
6108,974
6118,974
6128,974
6138,974
6149,974
6160,974
6170,974
6180,974
6191,974
6201,974
6211,974
6222,974
6233,974
6243,974
6253,974
6263,974
6274,974
6285,974
6295,974
6305,975
6316,975
6326,975
6336,975
6346,975
6358,975
6368,975
6378,975
6388,975
6398,975
6409,975
6420,975
6430,975
6440,975
6451,975
6461,975
6471,975
6481,975
6493,975
6503,975
6513,975
6523,975
6534,975
6544,975
6555,975
6565,975
6576,975
6586,975
6596,975
6606,975
6618,975
6628,975
6638,975
6648,975
6659,975
6669,976
6679,975
6690,975
6701,975
6711,975
6721,975
6731,975
6742,975
6753,975
6763,975
6773,975
6784,975
6794,975
6804,975
6814,975
6825,975
6836,974
6846,974
6856,974
6866,974
6877,974
6888,974
6898,974
6908,974
6919,974
6929,974
6939,974
6950,974
6961,975
6971,975
6981,975
6991,975
7002,975
7012,974
7023,974
7033,974
7044,974
7054,974
7064,974
7074,974
7086,974
7096,974
7106,974
7116,974
7127,974
7137,974
7147,974
7158,974
7169,974
7179,974
7189,974
7199,974
7209,974
7221,974
7231,974
7241,974
7251,975
7262,975
7272,975
7283,975
7293,975
7304,975
7314,975
7324,975
7334,975
7345,975
7356,974
7366,975
7376,975
7387,975
7397,975
7407,975
7418,975
7429,975
7439,975
7449,975
7459,975
7470,975
7480,975
7491,975
7501,975
7512,975
7522,975
7532,976
7542,975
7554,975
7564,975
7574,975
7584,975
7595,975
7605,975
7616,975
7626,975
7636,975
7647,975
7657,975
7667,975
7677,975
7689,975
7699,975
7709,975
7719,975
7730,975
7740,975
7751,975
7761,975
7772,975
7782,975
7792,975
7802,975
7813,975
7824,975
7834,975
7844,975
7855,975
7865,975
7875,975
7886,975
7897,975
7907,975
7917,975
7927,975
7938,974
7949,974
7959,974
7969,975
7980,975
7990,974
8000,974
8010,974
8022,974
8032,974
8042,974
8052,974
8062,974
8073,973
8084,974
8094,974
8104,974
8115,974
8125,974
8135,974
8145,974
8157,974
8167,974
8177,974
8187,974
8198,974
8208,974
8219,974
8229,974
8240,974
8250,973
8260,974
8270,974
8282,974
8292,974
8302,974
8312,974
8323,974
8333,974
8343,974
8354,974
8365,974
8375,974
8385,974
8395,974
8406,974
8417,974
8427,975
8437,975
8448,975
8458,975
8468,975
8478,975
8489,975
8500,975
8510,975
8520,975
8530,975
8541,976
8552,976
8562,976
8572,976
8583,976
8593,976
8603,976
8613,976
8625,975
8635,975
8645,976
8655,976
8666,976
8676,976
8687,975
8697,975
8708,975
8718,975
8728,976
8738,976
8750,975
8760,975
8770,975
8780,976
8791,976
8801,975
8811,975
8822,975
8833,975
8843,975
8853,975
8863,975
8873,975
8885,975
8895,975
8905,975
8915,975
8926,975
8936,975
8947,975
8957,974
8968,974
8978,974
8988,974
8998,974
9009,974
9020,974
9030,974
9040,974
9051,974
9061,974
9071,974
9082,974
9093,974
9103,974
9113,974
9123,974
9134,974
9144,974
9155,974
9165,974
9176,974
9186,975
9196,975
9206,974
9218,974
9228,974
9238,974
9248,974
9259,974
9269,974
9280,974
9290,974
9300,974
9311,974
9321,974
9331,974
9341,974
9353,974
9363,974
9373,975
9383,975
9394,975
9404,975
9415,975
9425,975
9436,975
9446,975
9456,975
9466,975
9477,975
9488,975
9498,975
9508,975
9519,975
9529,975
9539,975
9550,975
9561,975
9571,975
9581,975
9591,975
9602,975
9613,975
9623,975
9633,975
9644,976
9654,976
9664,976
9674,976
9686,976
9696,976
9706,976
9716,976
9726,976
9737,976
9748,976
9758,976
9768,976
9779,976
9789,976
9799,976
9809,976
9821,976
9831,976
9841,976
9851,976
9862,975
9872,975
9883,976
9893,975
9904,976
9914,976
9924,976
9934,976
9946,976
9956,976
9966,976
9976,975
9987,975
9997,975
10007,975
10019,975
10031,975
10042,975
10053,975
10064,976
10076,976
10088,976
10099,976
10110,975
10122,975
10133,975
10145,975
10157,974
10168,974
10179,974
10190,974
10202,974
10214,974
10225,974
10236,974
10248,974
10259,974
10270,974
10283,974
10294,974
10305,975
10316,975
10328,975
10339,975
10351,975
10362,975
10374,975
10385,975
10396,975
10407,975
10420,975
10431,974
10442,974
10454,974
10465,974
10477,974
10488,974
10500,974
10511,974
10522,974
10533,974
10546,974
10557,974
10568,975
10579,975
10591,975
10602,975
10614,975
10626,975
10637,975
10648,974
10659,975
10671,975
10683,975
10694,975
10705,975
10717,975
10728,976
10739,976
10752,976
10763,976
10774,976
10785,976
10797,976
10808,977
10820,977
10831,976
10843,976
10854,976
10865,976
10877,976
10889,976
10900,976
10911,975
10923,975
10934,975
10946,975
10957,975
10969,975
10980,975
10991,975
11002,975
11015,975
11026,974
11037,974
11048,974
11060,974
11071,974
11083,974
11095,974
11106,974
11117,974
11128,974
11140,974
11152,974
11163,974
11174,974
11186,974
11197,974
11208,975
11220,975
11232,974
11243,974
11254,974
11266,974
11278,974
11289,974
11300,974
11312,974
11323,974
11334,974
11346,974
11358,974
11369,974
11380,974
11392,974
11403,974
11415,975
11426,975
11438,975
11449,975
11460,975
11471,975
11484,975
11495,975
11506,975
11517,976
11529,976
11540,976
11552,975
11564,976
11575,975
11586,975
11597,975
11610,975
11621,975
11632,975
11643,975
11655,975
11666,975
11678,976
11689,976
11701,976
11712,976
11723,976
11735,976
11747,976
11758,976
11769,976
11781,975
11792,975
11803,975
11815,975
11827,975
11838,975
11849,975
11860,975
11872,975
11884,976
11895,976
11907,976
11918,976
11929,976
11940,976
11953,976
11964,976
11975,976
11986,976
11998,976
12010,975
12021,975
12033,975
12044,975
12055,975
12066,975
12079,975
12090,975
12101,975
12112,975
12124,975
12135,975
12147,975
12158,975
12170,975
12181,975
12192,974
12204,974
12216,974
12227,974
12238,974
12250,974
12261,974
12272,974
12284,974
12296,974
12307,974
12318,975
12329,975
12342,974
12353,975
12364,974
12376,975
12387,975
12398,974
12410,974
12422,974
12433,974
12444,975
12455,974
12467,974
12479,974
12490,974
12502,974
12513,974
12524,974
12535,974
12548,974
12559,974
12570,974
12581,975
12593,975
12604,975
12616,975
12627,975
12639,975
12650,975
12661,975
12673,975
12685,975
12696,975
12707,975
12719,975
12730,976
12742,976
12753,975
12765,975
12776,975
12787,976
12798,976
12811,976
12822,976
12833,976
12845,976
12856,976
12867,976
12879,977
12891,976
12902,976
12913,976
12924,976
12936,976
12948,976
12959,976
12971,976
12982,976
12993,976
13004,976
13017,975
13028,975
13039,975
13050,976
13062,976
13074,976
13085,976
13096,975
13108,975
13119,976
13130,976
13143,976
13154,975
13165,976
13176,976
13188,976
13199,976
13211,976
13222,976
13234,975
13245,975
13256,975
13267,975
13280,975
13291,975
13302,975
13314,975
13325,975
13336,975
13348,975
13360,975
13371,975
13382,975
13393,975
13406,975
13417,975
13428,975
13440,974
13451,974
13462,974
13474,974
13486,975
13497,975
13508,975
13519,975
13531,975
13543,975
13554,975
13565,975
13577,975
13588,975
13599,975
13612,975
13623,975
13634,975
13645,975
13657,975
13668,975
13680,975
13691,976
13703,976
13714,976
13725,975
13736,975
13749,976
13760,976
13771,976
13783,976
13794,976
13805,976
13817,976
13829,976
13840,976
13851,976
13862,976
13875,976
13886,976
13897,976
13908,976
13920,976
13931,976
13943,976
13955,976
13966,976
13977,976
13988,976
14000,976
14012,976
14023,976
14034,976
14046,976
14057,976
14068,976
14081,976
14092,976
14103,976
14114,976
14126,975
14138,975
14149,975
14160,975
14172,975
14183,975
14194,975
14206,975
14218,975
14229,975
14240,975
14252,975
14263,975
14275,975
14286,975
14298,975
14309,975
14320,975
14331,974
14344,974
14355,974
14366,974
14377,974
14389,974
14400,974
14412,974
14424,974
14435,974
14446,975
14457,975
14469,975
14481,975
14492,975
14503,975
14515,975
14526,975
14538,975
14550,975
14561,975
14572,975
14583,975
14595,975
14607,975
14618,975
14629,975
14641,975
14652,975
14663,975
14675,975
14687,975
14698,975
14709,976
14721,976
14732,975
14744,975
14755,976
14767,975
14778,975
14789,975
14800,976
14813,976
14824,975
14835,975
14846,975
14858,976
14869,976
14881,976
14893,976
14904,976
14915,976
14926,976
14939,976
14950,976
14961,976
14972,976
14984,976
14995,976
15007,976
15019,976
15030,976
15041,976
15052,976
15064,977
15076,977
15087,977
15098,977
15110,977
15121,977
15132,977
15144,977
15156,977
15167,976
15178,976
15190,976
15201,976
15213,976
15224,975
15236,975
15247,975
15258,975
15270,975
15282,976
15293,976
15304,976
15315,976
15327,976
15339,976
15350,976
15362,976
15373,975
15384,975
15395,975
15408,975
15419,975
15430,975
15441,975
15453,975
15464,975
15476,975
15488,975
15499,975
15510,975
15521,975
15533,975
15545,975
15556,975
15567,975
15579,975
15590,975
15602,975
15613,975
15625,975
15636,975
15647,975
15659,975
15671,975
15682,975
15693,975
15705,975
15716,975
15727,975
15739,975
15751,975
15762,976
15773,976
15784,976
15796,976
15808,975
15819,976
15831,976
15842,976
15853,976
15864,975
15877,975
15888,975
15899,975
15910,976
15922,976
15933,976
15945,976
15956,976
15968,976
15979,976
15990,976
16003,976
16014,976
16025,977
16036,977
16048,977
16059,977
16071,977
16082,977
16094,977
16105,977
16116,976
16128,976
16140,976
16151,976
16162,976
16174,976
16185,975
16196,975
16208,975
16220,975
16231,975
16242,975
16253,975
16265,975
16277,975
16288,975
16300,975
16311,975
16322,975
16333,975
16346,975
16357,975
16368,975
16379,975
16391,975
16403,975
16414,975
16425,975
16437,975
16448,975
16459,975
16472,975
16483,975
16494,975
16505,975
16517,975
16528,975
16540,975
16551,975
16563,975
16574,975
16585,975
16596,975
16609,975
16620,975
16631,975
16643,975
16654,975
16665,975
16677,975
16689,975
16700,975
16711,975
16722,975
16735,975
16746,975
16757,975
16769,975
16780,976
16791,976
16803,976
16815,976
16826,976
16837,976
16848,976
16860,976
16872,976
16883,976
16894,976
16906,976
16917,976
16928,976
16941,977
16952,976
16963,976
16974,976
16986,976
16997,976
17009,976
17020,976
17032,976
17043,976
17054,976
17065,976
17078,976
17089,976
17100,976
17112,976
17123,976
17135,976
17146,976
17158,976
17169,976
17180,976
17191,976
17204,976
17215,976
17226,976
17238,976
17249,975
17260,976
17272,976
17284,976
17295,976
17306,976
17317,976
17329,976
17341,976
17352,976
17363,976
17375,976
17386,976
17397,976
17410,975
17421,975
17432,975
17443,975
17455,975
17467,975
17478,975
17489,975
17501,975
17512,975
17523,975
17536,975
17547,975
17558,976
17569,976
17581,976
17592,975
17604,975
17615,975
17627,975
17638,975
17649,975
17660,975
17673,975
17684,975
17695,975
17707,975
17718,975
17729,975
17741,975
17753,975
17764,975
17775,975
17786,975
17799,975
17810,975
17821,974
17832,975
17844,975
17855,975
17867,975
17879,975
17890,976
17901,976
17912,976
17924,976
17936,976
17947,975
17958,975
17970,975
17981,976
17992,976
18004,976
18016,976
18027,976
18038,976
18050,976
18061,976
18073,976
18084,976
18096,976
18107,976
18118,976
18129,976
18142,976
18153,976
18164,976
18176,976
18187,976
18199,976
18210,976
18222,976
18233,976
18244,976
18255,976
18268,976
18279,976
18290,976
18301,976
18313,976
18324,976
18336,976
18348,975
18359,975
18370,975
18381,975
18393,975
18405,975
18416,976
18427,976
18439,976
18450,975
18461,976
18473,976
18485,976
18496,975
18507,975
18519,975
18530,975
18542,975
18553,975
18565,975
18576,975
18587,975
18599,975
18611,975
18622,975
18633,976
18644,976
18656,976
18668,976
18679,976
18691,976
18702,976
18713,976
18724,975
18737,976
18748,975
18759,975
18770,975
18782,975
18793,976
18805,976
18817,976
18828,976
18839,976
18850,976
18862,976
18874,976
18885,976
18896,976
18908,976
18919,976
18930,976
18942,976
18954,977
18965,977
18976,977
18988,977
19000,977
19011,977
19022,977
19034,977
19045,976
19056,977
19068,977
19080,977
19091,977
19102,977
19113,977
19125,977
19137,977
19148,977
19160,977
19171,977
19182,977
19193,977
19206,977
19217,977
19228,977
19239,977
19251,977
19263,977
19274,977
19286,977
19297,977
19308,976
19319,976
19332,976
19343,976
19354,976
19365,976
19377,975
19388,976
19400,975
19411,976
19423,976
19434,975
19445,975
19457,975
19469,975
19480,975
19491,975
19503,975
19514,975
19525,975
19537,975
19549,975
19560,975
19571,974
19582,975
19594,975
19606,975
19617,975
19629,975
19640,975
19651,975
19663,974
19675,975
19686,975
19697,975
19708,975
19720,974
19732,975
19743,975
19755,975
19766,975
19777,975
19788,975
19801,975
19812,975
19823,975
19834,975
19846,975
19857,975
19869,975
19880,975
19892,975
19903,976
19914,975
19926,975
19938,975
19949,975
19960,976
19972,976
19983,975
19994,975
20006,976
