time, signal
0,102
5,204
11,306
16,408
22,510
27,612
33,714
38,816
45,918
50,1020
56,1020
61,1020
67,1020
72,1020
78,1020
83,1020
90,1020
95,1020
101,1021
107,1020
115,1020
125,1020
136,1020
146,1020
156,1020
167,1020
178,1020
188,1020
198,1020
208,1020
219,1020
230,1020
240,1020
250,1020
261,1020
271,1019
281,1020
291,1020
303,1020
313,1020
323,1020
333,1020
344,1020
354,1020
365,1020
375,1020
386,1020
396,1020
406,1020
416,1019
428,1020
438,1020
448,1020
458,1020
468,1020
479,1020
489,1021
500,1021
510,1021
521,1021
531,1020
541,1020
551,1020
563,1020
573,1020
583,1020
593,1020
604,1020
614,1020
624,1020
635,1020
646,1020
656,1020
666,1020
676,1020
687,1019
698,1020
708,1019
718,1019
729,1019
739,1019
749,1019
759,1019
771,1019
781,1019
791,1019
801,1019
812,1019
822,1019
833,1019
843,1019
854,1019
864,1019
874,1020
884,1020
896,1020
906,1020
916,1020
926,1020
936,1020
947,1020
957,1020
968,1020
978,1020
989,1020
999,1020
1009,1019
1020,1020
1033,1020
1044,1020
1055,1020
1067,1020
1078,1020
1089,1020
1101,1020
1113,1020
1124,1020
1135,1020
1146,1020
1158,1020
1170,1021
1181,1021
1192,1021
1204,1021
1215,1021
1227,1021
1239,1021
1250,1021
1261,1020
1272,1020
1284,1020
1296,1020
1307,1020
1318,1020
1330,1019
1341,1019
1352,1019
1364,1019
1376,1019
1387,1019
1398,1019
1410,1019
1421,1019
1433,1019
1444,1020
1456,1020
1467,1020
1478,1020
1489,1020
1502,1020
1513,1020
1524,1020
1536,1019
1547,1019
1559,1019
1570,1019
1582,1019
1593,1019
1604,1019
1615,1020
1628,1020
1639,1020
1650,1020
1661,1020
1673,1020
1684,1020
1696,1020
1708,1020
1719,1019
1730,1019
1741,1019
1753,1020
1765,1020
1776,1020
1787,1020
1799,1020
1810,1020
1821,1020
1833,1020
1845,1020
1856,1020
1867,1020
1879,1020
1890,1020
1902,1020
1913,1020
1925,1020
1936,1020
1947,1020
1959,1020
1971,1020
1982,1020
1993,1020
2004,1020
2016,1020
2028,1020
2039,1019
2051,1019
2062,1019
2073,1019
2084,1019
2097,1019
2108,1019
2119,1019
2130,1019
2142,1019
2153,1019
2165,1019
2177,1019
2188,1019
2199,1019
2210,1019
2222,1019
2234,1019
2245,1019
2256,1019
2268,1019
2279,1020
2291,1020
2302,1020
2314,1020
2325,1020
2336,1020
2348,1020
2360,1020
2371,1020
2382,1020
2394,1020
2405,1020
2416,1020
2428,1020
2440,1020
2451,1020
2462,1020
2473,1020
2485,1020
2497,1019
2508,1019
2520,1019
2531,1019
2542,1019
2553,1019
2566,1019
2577,1019
2588,1019
2599,1019
2611,1020
2623,1020
2634,1020
2646,1019
2657,1019
2668,1019
2679,1020
2692,1019
2703,1019
2714,1019
2725,1019
2737,1019
2748,1019
2760,1020
2771,1020
2783,1020
2794,1020
2805,1020
2817,1020
2829,1021
2840,1021
2851,1020
2863,1020
2874,1020
2885,1020
2897,1020
2909,1019
2920,1020
2931,1019
2942,1019
2954,1019
2966,1020
2977,1020
2989,1019
3000,1019
3011,1019
3023,1019
3035,1020
3046,1020
3057,1020
3068,1019
3080,1019
3092,1020
3103,1020
3115,1020
3126,1020
3137,1020
3148,1020
3161,1020
3172,1020
3183,1020
3194,1020
3206,1020
3217,1020
3229,1020
3240,1020
3252,1020
3263,1020
3274,1020
3286,1020
3298,1020
3309,1020
3320,1020
3332,1020
3343,1020
3354,1020
3366,1020
3378,1020
3389,1020
3400,1019
3411,1019
3424,1019
3435,1019
3446,1020
3458,1020
3469,1020
3480,1020
3492,1019
3504,1020
3515,1020
3526,1020
3537,1020
3549,1020
3561,1020
3572,1020
3584,1020
3595,1020
3606,1020
3617,1020
3630,1020
3641,1020
3652,1020
3663,1020
3675,1019
3686,1019
3698,1019
3709,1019
3721,1020
3732,1020
3743,1020
3756,1020
3767,1020
3778,1020
3789,1020
3801,1020
3812,1020
3824,1020
3835,1020
3847,1020
3858,1020
3869,1020
3880,1020
3893,1019
3904,1019
3915,1019
3927,1019
3938,1019
3949,1019
3961,1019
3973,1019
3984,1019
3995,1019
4006,1020
4018,1019
4030,1019
4041,1019
4052,1019
4064,1019
4075,1020
4087,1020
4099,1020
4110,1019
4121,1019
4132,1020
4144,1020
4156,1020
4167,1020
4178,1020
4190,1020
4201,1020
4212,1020
4225,1020
4236,1020
4247,1020
4258,1020
4270,1020
4281,1020
4293,1020
4304,1020
4316,1020
4327,1019
4338,1019
4349,1020
4362,1020
4373,1020
4384,1020
4396,1020
4407,1020
4418,1020
4430,1020
4442,1020
4453,1020
4464,1020
4475,1020
4488,1020
4499,1021
4510,1021
4521,1021
4533,1021
4544,1020
4556,1020
4568,1020
4579,1020
4590,1020
4601,1020
4613,1020
4625,1020
4636,1020
4647,1020
4659,1020
4670,1021
4681,1021
4694,1021
4705,1020
4716,1020
4727,1020
4739,1020
4750,1020
4762,1020
4773,1019
4785,1019
4796,1020
4807,1019
4818,1019
4831,1020
4842,1020
4853,1020
4865,1020
4876,1020
4888,1020
4899,1020
4911,1020
4922,1020
4933,1020
4944,1020
4957,1020
4968,1020
4979,1020
4990,1020
5002,1020
5013,1020
5025,1020
5037,1020
5048,1020
5059,1020
5070,1020
5082,1020
5094,1020
5105,1020
5116,1020
5128,1020
5139,1020
5150,1020
5163,1020
5174,1020
5185,1020
5196,1020
5208,1020
5220,1020
5231,1020
5242,1020
5254,1020
5265,1020
5276,1020
5288,1020
5300,1020
5311,1020
5322,1020
5334,1020
5345,1020
5357,1020
5368,1020
5380,1020
5391,1020
5402,1020
5413,1019
5426,1019
5437,1019
5448,1020
5459,1020
5471,1020
5482,1020
5494,1020
5506,1020
5517,1020
5528,1020
5539,1020
5552,1020
5563,1020
5574,1020
5585,1020
5597,1020
5608,1020
5620,1020
5632,1020
5643,1020
5654,1020
5665,1020
5677,1020
5689,1020
5700,1020
5711,1020
5723,1020
5734,1019
5745,1019
5757,1019
5769,1019
5780,1019
5791,1020
5803,1020
5814,1020
5826,1019
5837,1019
5849,1019
5860,1019
5871,1019
5882,1019
5895,1019
5906,1019
5917,1019
5928,1019
5940,1020
5952,1020
5963,1020
5975,1020
5986,1020
5997,1020
6008,1020
6021,1020
6032,1019
6043,1019
6054,1019
6066,1020
6077,1020
6089,1019
6100,1019
6112,1019
6123,1019
6134,1019
6146,1020
6158,1020
6169,1020
6180,1019
6192,1019
6203,1019
6214,1019
6226,1020
6238,1020
6249,1020
6260,1020
6272,1020
6284,1020
6295,1020
6306,1020
6318,1020
6329,1020
6340,1020
6352,1020
6364,1020
6375,1020
6386,1019
6397,1020
6409,1020
6421,1020
6432,1020
6444,1020
6455,1020
6466,1020
6477,1020
6490,1020
6501,1020
6512,1020
6523,1020
6535,1020
6546,1020
6558,1020
6569,1020
6581,1020
6592,1020
6603,1020
6615,1020
6627,1020
6638,1020
6649,1020
6661,1020
6672,1020
6684,1020
6695,1020
6707,1020
6718,1021
6729,1020
6740,1020
6753,1021
6764,1021
6775,1021
6787,1020
6798,1020
6809,1020
6821,1020
6833,1020
6844,1019
6855,1019
6866,1019
6878,1019
6890,1019
6901,1020
6913,1020
6924,1020
6935,1020
6946,1020
6959,1020
6970,1020
6981,1020
6992,1020
7004,1020
7015,1020
7027,1020
7038,1020
7050,1020
7061,1020
7072,1020
7085,1020
7096,1020
7107,1020
7118,1020
7130,1020
7141,1020
7153,1020
7164,1020
7176,1020
7187,1020
7198,1020
7209,1020
7222,1020
7233,1020
7244,1020
7256,1019
7267,1019
7278,1020
7290,1020
7302,1019
7313,1019
7324,1019
7335,1019
7347,1019
7359,1019
7370,1019
7382,1019
7393,1019
7404,1019
7416,1019
7428,1019
7439,1019
7450,1019
7461,1019
7473,1019
7485,1019
7496,1019
7507,1019
7519,1019
7530,1020
7541,1020
7554,1020
7565,1020
7576,1020
7587,1020
7599,1020
7610,1020
7622,1020
7633,1020
7645,1020
7656,1020
7667,1020
7678,1020
7691,1020
7702,1020
7713,1020
7725,1020
7736,1020
7748,1020
7759,1019
7771,1020
7782,1019
7793,1019
7804,1019
7817,1019
7828,1019
7839,1019
7851,1019
7862,1019
7873,1019
7885,1019
7897,1019
7908,1019
7919,1019
7930,1019
7942,1019
7954,1019
7965,1019
7976,1019
7988,1019
7999,1019
8010,1019
8023,1019
8034,1020
8045,1019
8056,1020
8068,1020
8079,1020
8091,1020
8102,1020
8114,1019
8125,1020
8136,1020
8148,1020
8160,1020
8171,1020
8182,1020
8194,1020
8205,1020
8217,1020
8228,1020
8240,1020
8251,1020
8262,1020
8273,1020
8286,1020
8297,1020
8308,1020
8320,1020
8331,1020
8342,1020
8354,1020
8366,1020
8377,1020
8388,1020
8399,1020
8411,1020
8423,1020
8434,1020
8445,1020
8457,1020
8468,1020
8479,1020
8492,1020
8503,1020
8514,1020
8525,1020
8537,1020
8549,1020
8560,1020
8571,1020
8583,1020
8594,1020
8605,1020
8617,1020
8629,1020
8640,1020
8651,1019
8663,1019
8674,1019
8686,1019
8697,1019
8709,1019
8720,1019
8731,1019
8742,1019
8755,1019
8766,1020
8777,1020
8788,1020
8800,1020
8811,1020
8823,1020
8835,1020
8846,1020
8857,1020
8868,1020
8881,1020
8892,1020
8903,1020
8914,1019
8926,1019
8937,1020
8949,1020
8961,1020
8972,1020
8983,1020
8994,1020
9006,1019
9018,1020
9029,1020
9040,1020
9052,1020
9063,1020
9074,1019
9086,1019
9098,1019
9109,1019
9120,1020
9132,1020
9143,1020
9155,1020
9166,1019
9178,1020
9189,1020
9200,1020
9212,1020
9224,1020
9235,1020
9246,1020
9257,1020
9269,1019
9281,1019
9292,1019
9304,1019
9315,1019
9326,1019
9337,1019
9350,1019
9361,1018
9372,1018
9383,1019
9395,1019
9406,1019
9418,1019
9430,1019
9441,1019
9452,1020
9463,1020
9475,1020
9487,1020
9498,1020
9509,1020
9521,1020
9532,1020
9543,1020
9555,1019
9567,1019
9578,1020
9589,1020
9601,1020
9613,1020
9624,1020
9635,1020
9647,1020
9658,1020
9669,1020
9681,1020
9693,1020
9704,1020
9715,1020
9726,1020
9738,1020
9750,1020
9761,1020
9773,1020
9784,1020
9795,1020
9806,1020
9819,1020
9830,1020
9841,1020
9852,1020
9864,1020
9875,1020
9887,1019
9899,1019
9910,1019
9921,1020
9932,1020
9945,1020
9956,1020
9967,1019
9978,1020
9990,1020
10001,1020
10014,1020
10027,1020
10039,1019
10051,1020
10063,1019
10076,1019
10089,1020
10101,1020
10114,1020
10126,1020
10138,1020
10151,1020
10164,1020
10176,1020
10188,1020
10201,1020
10214,1020
10226,1020
10238,1020
10251,1020
10263,1020
10275,1020
10289,1020
10301,1020
10313,1020
10326,1020
10338,1020
10351,1020
10363,1020
10376,1020
10388,1020
10400,1020
10414,1020
10426,1020
10438,1020
10450,1020
10463,1020
10475,1020
10488,1020
10501,1020
10513,1020
10525,1020
10537,1020
10551,1020
10563,1020
10575,1020
10588,1020
10600,1019
10613,1019
10626,1020
10638,1020
10650,1020
10662,1020
10675,1020
10688,1020
10700,1020
10713,1020
10725,1020
10737,1020
10750,1020
10763,1020
10775,1020
10787,1020
10800,1020
10813,1020
10825,1020
10838,1020
10850,1020
10862,1020
10874,1020
10888,1019
10900,1020
10912,1020
10925,1020
10937,1020
10950,1020
10962,1020
10975,1019
10987,1019
10999,1019
11013,1020
11025,1020
11037,1020
11049,1020
11062,1020
11074,1020
11087,1020
11100,1020
11112,1020
11124,1020
11137,1020
11150,1020
11162,1020
11174,1020
11187,1020
11199,1020
11212,1020
11225,1020
11237,1020
11249,1020
11261,1020
11274,1020
11287,1020
11299,1020
11312,1020
11324,1020
11336,1020
11350,1020
11362,1020
11374,1020
11386,1020
11399,1020
11412,1020
11424,1020
11437,1020
11449,1020
11461,1020
11473,1020
11487,1020
11499,1020
11511,1020
11524,1020
11536,1020
11549,1020
11561,1020
11574,1020
11586,1020
11598,1020
11612,1020
11624,1020
11636,1020
11649,1020
11661,1020
11673,1020
11686,1020
11699,1020
11711,1020
11723,1020
11736,1020
11749,1020
11761,1020
11773,1020
11786,1020
11798,1020
11811,1020
11824,1020
11836,1020
11848,1020
11860,1020
11873,1020
11886,1020
11898,1020
11911,1020
11923,1020
11935,1019
11949,1019
11961,1019
11973,1019
11985,1019
11998,1019
12011,1019
12023,1019
12036,1018
12048,1018
12060,1019
12072,1019
12086,1019
12098,1019
12110,1019
12123,1019
12135,1019
12148,1018
12161,1019
12173,1019
12185,1019
12197,1019
12211,1020
12223,1020
12235,1020
12248,1020
12260,1020
12272,1021
12285,1020
12298,1021
12310,1021
12322,1021
12335,1021
12348,1020
12360,1020
12372,1020
12385,1020
12397,1020
12410,1020
12423,1020
12435,1020
12447,1020
12460,1020
12472,1020
12485,1020
12497,1020
12510,1020
12522,1020
12534,1020
12548,1020
12560,1020
12572,1019
12584,1020
12597,1019
12610,1019
12622,1019
12635,1019
12647,1019
12659,1019
12672,1019
12685,1019
12697,1019
12709,1019
12722,1019
12734,1019
12747,1020
12760,1020
12772,1020
12784,1020
12796,1020
12810,1020
12822,1020
12834,1020
12847,1020
12859,1020
12871,1020
12884,1020
12897,1020
12909,1020
12921,1020
12934,1020
12947,1020
12959,1020
12972,1020
12984,1020
12996,1019
13009,1019
13022,1019
13034,1019
13046,1019
13059,1019
13071,1019
13084,1019
13096,1019
13109,1018
13121,1019
13133,1019
13147,1019
13159,1019
13171,1019
13184,1019
13196,1018
13209,1018
13221,1019
13234,1019
13246,1019
13258,1019
13271,1019
13284,1019
13296,1019
13308,1019
13321,1020
13333,1020
13346,1020
13359,1020
13371,1020
13383,1020
13395,1020
13409,1020
13421,1019
13433,1019
13446,1020
13458,1020
13470,1020
13484,1020
13496,1020
13508,1020
13520,1020
13533,1020
13546,1020
13558,1020
13571,1019
13583,1019
13595,1019
13608,1019
13621,1020
13633,1019
13645,1020
13658,1020
13670,1020
13683,1020
13696,1020
13708,1020
13720,1020
13732,1020
13746,1020
13758,1020
13770,1020
13783,1020
13795,1020
13808,1020
13820,1020
13833,1020
13845,1020
13857,1020
13870,1020
13883,1019
13895,1020
13907,1020
13920,1020
13932,1020
13945,1020
13958,1020
13970,1020
13982,1020
13995,1020
14008,1021
14020,1020
14032,1020
14045,1020
14057,1020
14069,1020
14083,1020
14095,1020
14107,1019
14119,1020
14132,1020
14145,1020
14157,1019
14170,1019
14182,1019
14194,1019
14208,1019
14220,1019
14232,1019
14244,1019
14257,1019
14269,1019
14282,1019
14295,1019
14307,1019
14319,1019
14331,1019
14345,1019
14357,1019
14369,1019
14382,1019
14394,1019
14407,1019
14419,1019
14432,1019
14444,1020
14456,1020
14469,1020
14482,1020
14494,1020
14507,1020
14519,1020
14531,1020
14544,1020
14557,1020
14569,1020
14581,1020
14594,1020
14607,1020
14619,1020
14631,1020
14644,1019
14656,1019
14668,1020
14682,1019
14694,1019
14706,1019
14718,1019
14731,1019
14744,1019
14756,1020
14769,1020
14781,1020
14793,1020
14807,1020
14819,1020
14831,1020
14843,1020
14856,1020
14868,1020
14881,1020
14894,1020
14906,1020
14918,1020
14930,1020
14944,1020
14956,1020
14968,1020
14981,1020
14993,1020
15006,1020
15019,1020
15031,1020
15043,1020
15055,1020
15068,1020
15081,1020
15093,1020
15106,1020
15118,1019
15130,1019
15143,1019
15156,1019
15168,1019
15180,1020
15193,1020
15206,1020
15218,1019
15230,1019
15243,1019
15255,1019
15267,1019
15281,1019
15293,1019
15305,1019
15318,1019
15330,1019
15343,1019
15355,1019
15368,1019
15380,1019
15392,1019
15406,1019
15418,1019
15430,1019
15442,1020
15455,1020
15467,1020
15480,1020
15493,1020
15505,1020
15517,1020
15529,1020
15543,1020
15555,1020
15567,1020
15580,1020
15592,1020
15605,1020
15618,1020
15630,1020
15642,1020
15654,1020
15667,1020
15680,1020
15692,1020
15705,1020
15717,1020
15729,1020
15742,1020
15755,1020
15767,1020
15779,1020
15792,1020
15805,1020
15817,1020
15830,1020
15842,1020
15854,1020
15866,1019
15880,1019
15892,1019
15904,1019
15917,1019
15929,1019
15942,1019
15954,1020
15967,1020
15979,1020
15991,1020
16005,1020
16017,1020
16029,1020
16041,1020
16054,1020
16066,1020
16079,1019
16092,1019
16104,1020
16116,1020
16129,1020
16142,1020
16154,1020
16166,1020
16179,1020
16191,1020
16204,1020
16217,1020
16229,1020
16241,1020
16253,1020
16266,1020
16279,1020
16291,1019
16304,1019
16316,1019
16328,1019
16342,1019
16354,1019
16366,1019
16378,1019
16391,1019
16404,1019
16416,1019
16429,1019
16441,1019
16453,1019
16465,1019
16479,1019
16491,1019
16503,1020
16516,1019
16528,1020
16541,1019
16553,1019
16566,1020
16578,1020
16590,1020
16604,1020
16616,1020
16628,1020
16641,1020
16653,1020
16665,1021
16678,1021
16691,1020
16703,1020
16715,1020
16728,1020
16741,1020
16753,1020
16765,1020
16778,1020
16790,1020
16803,1020
16816,1020
16828,1020
16840,1020
16852,1020
16865,1020
16878,1020
16890,1020
16903,1020
16915,1020
16927,1020
16941,1020
16953,1020
16965,1020
16977,1020
16990,1020
17003,1020
17015,1020
17028,1020
17040,1020
17052,1020
17064,1020
17078,1020
17090,1020
17102,1020
17115,1020
17127,1020
17140,1020
17153,1020
17165,1020
17177,1020
17189,1020
17203,1020
17215,1020
17227,1020
17240,1019
17252,1019
17264,1020
17277,1020
17290,1020
17302,1020
17314,1020
17327,1020
17340,1020
17352,1020
17364,1020
17377,1020
17389,1020
17402,1020
17415,1020
17427,1020
17439,1019
17452,1019
17464,1019
17477,1019
17489,1019
17502,1019
17514,1019
17526,1019
17540,1019
17552,1019
17564,1020
17576,1020
17589,1020
17602,1020
17614,1020
17627,1020
17639,1020
17651,1020
17664,1020
17677,1020
17689,1020
17701,1020
17714,1020
17726,1020
17739,1020
17752,1020
17764,1019
17776,1020
17788,1020
17802,1020
17814,1020
17826,1020
17839,1020
17851,1020
17863,1020
17876,1020
17889,1020
17901,1020
17913,1020
17926,1020
17939,1020
17951,1020
17964,1020
17976,1020
17988,1020
18001,1020
18014,1020
18026,1020
18038,1020
18051,1020
18063,1020
18076,1020
18088,1020
18101,1020
18113,1020
18125,1020
18139,1020
18151,1020
18163,1020
18176,1020
18188,1021
18201,1020
18213,1020
18226,1020
18238,1020
18250,1021
18263,1020
18276,1020
18288,1020
18300,1020
18313,1020
18325,1020
18338,1020
18351,1020
18363,1020
18375,1020
18387,1020
18401,1019
18413,1019
18425,1019
18438,1019
18450,1019
18462,1019
18476,1020
18488,1020
18500,1019
18512,1019
18525,1019
18538,1019
18550,1019
18563,1019
18575,1019
18587,1020
18600,1019
18613,1019
18625,1019
18637,1019
18650,1019
18662,1019
18675,1019
18688,1020
18700,1020
18712,1019
18724,1020
18738,1020
18750,1020
18762,1020
18775,1020
18787,1020
18800,1020
18812,1020
18825,1020
18837,1020
18849,1020
18862,1020
18875,1020
18887,1020
18899,1021
18912,1020
18924,1020
18937,1020
18950,1020
18962,1020
18974,1020
18987,1020
19000,1020
19012,1020
19024,1020
19037,1019
19049,1019
19061,1020
19075,1020
19087,1020
19099,1020
19111,1020
19124,1020
19137,1020
19149,1020
19162,1020
19174,1020
19186,1020
19200,1020
19212,1021
19224,1021
19236,1021
19249,1021
19261,1020
19274,1020
19287,1020
19299,1020
19311,1021
19323,1020
19337,1020
19349,1020
19361,1020
19374,1020
19386,1020
19399,1020
19411,1020
19424,1020
19436,1020
19448,1020
19461,1020
19474,1020
19486,1020
19499,1020
19511,1020
19523,1020
19536,1020
19549,1020
19561,1020
19573,1020
19586,1020
19599,1020
19611,1020
19623,1020
19636,1020
19648,1020
19660,1019
19674,1019
19686,1019
19698,1019
19710,1019
19723,1019
19736,1020
19748,1020
19761,1020
19773,1020
19785,1020
19799,1020
19811,1020
19823,1020
19835,1020
19848,1020
19860,1020
19873,1020
19886,1020
19898,1020
19910,1020
19922,1020
19936,1020
19948,1020
19960,1020
19973,1020
19985,1020
19998,1019
20011,1019
