
time,signal
0,1023
1,1016
2,1011
4,1015
5,1019
6,1021
8,1022
9,1022
11,1022
12,1011
18,993
26,1023
35,1003
46,1009
55,1013
64,1002
73,1020
82,999
91,1021
100,998
110,1023
120,1009
131,1004
141,1020
151,993
160,1016
171,1014
182,1001
192,1020
202,1002
212,1006
223,1019
233,997
243,1023
253,1009
264,1001
274,1019
284,993
293,1018
304,1014
315,1001
325,1022
335,1003
346,1005
356,1018
366,998
376,1023
387,1009
397,1003
407,1019
417,992
427,1017
437,1014
448,1000
458,1022
468,1003
479,1006
489,1019
499,998
509,1023
520,1010
530,1002
540,1019
550,992
560,1016
570,1014
581,1001
591,1021
602,1002
612,1005
622,1018
632,998
643,1023
653,1009
663,1003
673,1020
684,994
693,1017
703,1014
714,1001
724,1021
735,1002
745,1006
755,1019
765,997
776,1023
786,1009
796,1003
806,1021
817,992
826,1016
836,1014
847,1001
858,1022
868,1003
878,1006
888,1019
899,998
909,1023
919,1008
929,1003
940,1020
950,993
959,1016
969,1014
980,1001
991,1022
1001,1003
1012,1002
1024,1022
1035,1010
1047,1001
1058,1023
1070,1013
1081,1000
1092,1017
1103,1017
1116,998
1126,1017
1137,1017
1148,998
1159,1017
1170,1017
1182,998
1192,1016
1204,1016
1215,998
1225,1017
1236,1018
1249,999
1259,1017
1270,1017
1282,998
1292,1017
1303,1016
1315,997
1326,1017
1337,1017
1348,998
1358,1017
1370,1017
1382,997
1392,1016
1403,1017
1415,997
1425,1018
1436,1017
1448,998
1459,1016
1470,1017
1481,998
1491,1017
1503,1016
1515,998
1525,1016
1537,1016
1548,998
1558,1016
1569,1016
1582,997
1592,1017
1603,1017
1614,998
1625,1017
1636,1017
1648,997
1658,1017
1670,1017
1681,999
1691,1017
1702,1017
1715,999
1725,1016
1736,1016
1747,998
1758,1016
1769,1017
1781,998
1792,1017
1803,1017
1814,999
1824,1017
1836,1017
1848,998
1858,1016
1869,1018
1881,997
1891,1017
1902,1017
1914,997
1925,1017
1936,1017
1947,998
1957,1017
1969,1016
1981,998
1991,1017
2002,1017
2014,998
2024,1018
2035,1017
2048,997
2058,1017
2069,1017
2080,999
2091,1018
2102,1017
2114,998
2124,1016
2136,1016
2147,998
2157,1017
2168,1017
2181,998
2191,1017
2202,1016
2213,998
2224,1017
2235,1017
2247,998
2257,1017
2269,1017
2280,998
2290,1017
2301,1017
2314,998
2324,1015
2335,1016
2347,998
2357,1017
2368,1016
2380,998
2391,1018
2402,1018
2413,998
2423,1017
2435,1017
2447,998
2457,1017
2468,1017
2480,998
2490,1018
2501,1017
2513,998
2524,1016
2535,1017
2546,999
2556,1016
2568,1017
2580,998
2590,1017
2601,1017
2613,998
2623,1017
2634,1016
2647,998
2657,1018
2668,1017
2679,998
2690,1017
2701,1016
2713,998
2723,1017
2735,1017
2746,999
2756,1017
2767,1017
2780,997
2790,1017
2801,1016
2812,998
2823,1016
2834,1017
2846,999
2856,1016
2868,1016
2879,998
2889,1017
2900,1017
2913,998
2923,1016
2934,1017
2946,999
2956,1018
2967,1017
2979,999
2990,1018
3001,1016
3012,998
3022,1017
3034,1016
3046,998
3056,1017
3067,1016
3079,999
3089,1016
3100,1017
3112,997
3123,1016
3134,1016
3145,999
3155,1016
3167,1017
3179,998
3189,1017
3201,1017
3212,996
3222,1017
3233,1018
3246,998
3256,1016
3267,1016
3278,997
3289,1016
3300,1017
3312,998
3322,1016
3334,1017
3345,997
3355,1017
3366,1016
3379,998
3389,1016
3400,1018
3411,997
3422,1018
3433,1017
3445,997
3456,1018
3467,1017
3478,998
3488,1017
3500,1017
3512,997
3522,1017
3533,1017
3545,998
3555,1017
3566,1018
3578,998
3589,1017
3600,1018
3611,998
3621,1017
3633,1016
3645,998
3655,1017
3666,1017
3678,999
3688,1016
3699,1017
3712,998
3722,1016
3733,1017
3744,998
3755,1017
3766,1017
3778,998
3788,1017
3800,1017
3811,999
3821,1017
3832,1017
3845,998
3855,1016
3866,1017
3877,998
3888,1016
3899,1016
3911,998
3921,1017
3933,1017
3944,999
3954,1016
3965,1017
3978,999
3988,1016
3999,1017
4011,998
4021,1017
4032,1017
4044,997
4055,1017
4066,1016
4077,998
4087,1017
4099,1016
4111,998
4121,1015
4132,1017
4144,998
4154,1018
4165,1017
4177,996
4188,1017
4199,1017
4210,999
4220,1017
4232,1017
4244,998
4254,1017
4265,1016
4277,997
4287,1017
4298,1017
4311,999
4321,1015
4332,1016
4343,997
4354,1017
4365,1018
4377,998
4387,1017
4399,1017
4410,999
4420,1017
4431,1017
4444,998
4454,1017
4465,1016
4476,997
4487,1017
4498,1018
4510,999
4520,1017
4532,1017
4543,999
4553,1018
4564,1016
4577,998
4587,1017
4598,1017
4610,998
4620,1017
4631,1016
4643,999
4654,1017
4665,1016
4676,999
4686,1016
4698,1017
4710,999
4720,1017
4731,1015
4743,998
4753,1017
4764,1017
4776,999
4787,1017
4798,1015
4809,998
4819,1017
4831,1016
4843,999
4853,1017
4865,1017
4876,998
4886,1017
4897,1017
4910,998
4920,1017
4931,1016
4942,998
4953,1018
4964,1017
4976,999
4986,1017
4998,1017
5009,998
5019,1017
5030,1017
5043,998
5053,1017
5064,1016
5075,998
5086,1017
5097,1017
5109,999
5120,1017
5131,1016
5142,998
5152,1017
5164,1017
5176,997
5186,1017
5197,1017
5209,998
5219,1016
5230,1017
5242,998
5253,1017
5264,1016
5275,998
5285,1017
5297,1016
5309,998
5319,1018
5330,1017
5342,998
5352,1017
5363,1017
5376,999
5386,1018
5397,1017
5408,998
5419,1018
5430,1017
5442,998
5452,1017
5464,1016
5475,998
5485,1017
5496,1017
5509,998
5519,1017
5530,1017
5541,998
5552,1016
5563,1017
5575,999
5585,1016
5597,1017
5608,998
5618,1017
5629,1017
5642,999
5652,1018
5663,1016
5675,999
5685,1017
5696,1017
5708,998
5719,1017
5730,1017
5741,999
5751,1016
5763,1017
5775,999
5785,1016
5796,1017
5808,998
5818,1017
5829,1016
5841,998
5852,1017
5863,1017
5874,999
5884,1017
5896,1017
5908,998
5918,1018
5929,1017
5941,998
5951,1017
5962,1016
5975,998
5985,1017
5996,1017
6007,999
6018,1017
6029,1017
6041,998
6051,1017
6063,1017
6074,999
6084,1018
6095,1016
6108,999
6118,1017
6129,1017
6140,999
6151,1017
6162,1016
6174,997
6184,1016
6196,1017
6207,998
6217,1017
6228,1017
6241,999
6251,1017
6262,1017
6274,998
6284,1017
6295,1016
6307,999
6318,1016
6329,1017
6340,999
6350,1017
6362,1017
6374,999
6384,1017
6395,1017
6407,999
6417,1017
6428,1017
6440,998
6451,1017
6462,1018
6473,998
6483,1017
6495,1017
6507,999
6517,1017
6529,1017
6540,997
6550,1017
6561,1017
6574,999
6584,1016
6595,1017
6606,999
6617,1017
6628,1017
6640,998
6650,1016
6662,1017
6673,999
6683,1017
6694,1017
6707,998
6717,1016
6728,1017
6739,998
6750,1017
6761,1016
6773,999
6784,1018
6795,1017
6806,998
6816,1017
6828,1017
6840,999
6850,1017
6861,1017
6873,999
6883,1017
6894,1017
6906,998
6917,1017
6928,1017
6939,999
6949,1017
6961,1016
6973,999
6983,1015
6994,1017
7006,999
7016,1017
7027,1017
7040,999
7050,1017
7061,1016
7072,999
7083,1017
7094,1017
7106,999
7116,1017
7128,1016
7139,998
7149,1017
7160,1017
7173,999
7183,1017
7194,1017
7205,999
7216,1017
7227,1016
7239,999
7249,1018
7261,1016
7272,998
7282,1017
7293,1016
7306,998
7316,1017
7327,1016
7339,998
7349,1018
7360,1017
7372,998
7383,1017
7394,1017
7405,999
7415,1017
7427,1018
7439,999
7449,1017
7460,1017
7472,998
7482,1018
7493,1016
7505,999
7516,1017
7527,1016
7538,998
7548,1017
7560,1017
7572,999
7582,1018
7593,1017
7605,998
7615,1018
7626,1018
7639,999
7649,1017
7660,1017
7671,998
7682,1017
7693,1016
7705,998
7715,1017
7727,1017
7738,998
7748,1018
7759,1017
7772,998
7782,1017
7793,1016
7804,999
7815,1017
7826,1017
7838,998
7848,1016
7860,1017
7871,998
7881,1018
7892,1017
7905,999
7915,1017
7926,1017
7938,998
7948,1017
7959,1016
7971,999
7982,1017
7993,1017
8004,998
8014,1018
8026,1017
8038,997
8048,1017
8059,1016
8071,998
8081,1018
8092,1017
8104,998
8115,1017
8126,1018
8137,999
8147,1016
8159,1018
8171,999
8181,1017
8193,1018
8204,999
8214,1017
8225,1017
8238,999
8248,1018
8259,1017
8270,999
8281,1018
8292,1017
8304,999
8314,1017
8326,1017
8337,999
8347,1017
8358,1016
8371,999
8381,1018
8392,1016
8403,999
8414,1017
8425,1016
8437,999
8448,1017
8459,1017
8470,998
8480,1016
8492,1016
8504,999
8514,1017
8525,1016
8537,999
8547,1017
8558,1017
8570,998
8581,1018
8592,1017
8603,999
8613,1018
8625,1018
8637,999
8647,1016
8658,1017
8670,999
8680,1017
8691,1016
8704,999
8714,1017
8725,1017
8736,999
8747,1017
8758,1018
8770,998
8780,1016
8792,1018
8803,999
8813,1017
8824,1018
8837,1000
8848,1011
8859,1019
8870,993
8881,1010
8892,1018
8904,994
8914,1010
8926,1019
8937,994
8947,1011
8958,1019
8971,993
8981,1011
8992,1019
9004,994
9014,1011
9025,1019
9037,994
9048,1010
9059,1019
9070,994
9080,1011
9092,1019
9104,994
9114,1011
9125,1019
9137,993
9147,1011
9158,1019
9170,994
9181,1011
9192,1019
9203,994
9213,1011
9225,1019
9237,993
9247,1011
9259,1019
9270,994
9280,1011
9291,1018
9304,994
9314,1009
9325,1018
9336,993
9347,1011
9358,1020
9370,993
9380,1011
9392,1018
9403,994
9413,1010
9424,1018
9437,993
9447,1011
9458,1018
9469,993
9480,1011
9491,1019
9503,994
9513,1011
9525,1019
9536,993
9546,1010
9558,1019
9570,994
9580,1011
9591,1019
9603,994
9613,1011
9624,1019
9636,994
9647,1011
9658,1019
9669,994
9679,1012
9691,1019
9703,992
9713,1010
9724,1018
9736,993
9746,1011
9757,1018
9769,994
9780,1011
9791,1019
9802,994
9812,1011
9824,1018
9836,994
9846,1010
9858,1018
9869,994
9879,1010
9890,1019
9903,994
9913,1011
9924,1018
9935,994
9946,1011
9957,1019
9969,994
9979,1011
9991,1019
10002,994
10013,1006
10027,1022
10039,1012
10051,999
10062,1010
10075,1020
10087,1010
10100,999
10112,1018
10124,1020
10136,1003
10148,1002
10162,1017
10174,1019
10186,1003
10199,1001
10211,1017
10223,1020
10236,1003
10249,1000
10261,1017
10273,1019
10286,1003
10299,1002
10311,1017
10323,1019
10336,1003
10348,1001
10361,1017
10374,1020
10386,1004
10398,1002
10411,1018
10423,1019
10436,1004
10448,1001
10461,1016
10473,1020
10485,1004
10499,1001
10511,1018
10523,1020
10535,1003
10548,1001
10561,1018
10573,1019
10586,1003
10598,1002
10610,1018
10622,1019
10636,1003
10648,1002
10660,1018
10673,1019
10685,1004
10698,1002
10711,1017
10723,1019
10735,1003
10747,1002
10761,1017
10773,1019
10785,1003
10798,1001
10810,1017
10822,1019
10835,1003
10848,1002
10860,1018
10872,1020
10885,1003
10898,1002
10910,1018
10923,1019
10935,1002
10947,1002
10960,1018
10973,1018
10985,1003
10997,1002
11010,1017
11022,1019
11035,1003
11047,1001
11060,1017
11072,1018
11084,1003
11098,1000
11110,1017
11122,1019
11134,1003
11147,1001
11160,1017
11172,1019
11185,1003
11197,1001
11209,1017
11222,1018
11235,1004
11247,1001
11259,1017
11272,1018
11284,1004
11297,1002
11310,1017
11322,1020
11334,1003
11346,1000
11360,1017
11372,1018
11384,1004
11397,1000
11409,1017
11421,1018
11435,1003
11447,1001
11459,1017
11471,1018
11484,1003
11497,1000
11509,1017
11522,1019
11534,1004
11546,1002
11559,1018
11572,1020
11584,1003
11596,1001
11609,1017
11621,1019
11634,1003
11646,1002
11659,1018
11671,1019
11683,1004
11697,1001
11709,1016
11721,1019
11734,1003
11746,1002
11759,1018
11771,1019
11784,1004
11796,1001
11808,1018
11821,1019
11834,1004
11846,1002
11858,1017
11871,1019
11883,1004
11896,1001
11909,1017
11921,1019
11933,1003
11945,1002
11959,1017
11971,1020
11983,1004
11996,1001
12008,1018
12020,1019
12034,1003
12046,1001
12058,1018
12070,1019
12083,1002
12096,1002
12108,1018
12121,1020
12133,1003
12145,1002
12158,1018
12171,1018
12183,1003
12195,1001
12208,1017
12220,1019
12233,1003
12246,1002
12258,1018
12270,1019
12282,1004
12296,1001
12308,1017
12320,1019
12333,1003
12345,1002
12358,1017
12370,1018
12383,1002
12395,1002
12407,1018
12420,1019
12433,1003
12445,1000
12457,1016
12470,1019
12482,1003
12495,1001
12508,1017
12520,1019
12532,1004
12545,1002
12558,1018
12570,1020
12582,1003
12595,1001
12607,1017
12619,1020
12633,1004
12645,1000
12657,1017
12669,1018
12682,1003
12695,1002
12707,1018
12720,1020
12732,1002
12744,1001
12758,1016
12770,1018
12782,1003
12794,1002
12807,1017
12819,1018
12832,1003
12845,1002
12857,1018
12869,1020
12881,1004
12895,1002
12907,1017
12919,1020
12932,1004
12944,1001
12957,1017
12969,1019
12982,1004
12994,1000
13006,1018
13019,1020
13032,1003
13044,1001
13057,1017
13069,1019
13081,1003
13094,1001
13107,1018
13119,1018
13131,1003
13144,1001
13157,1017
13169,1018
13181,1004
13194,1001
13206,1018
13218,1019
13232,1003
13244,1002
13256,1018
13268,1019
13281,1004
13294,1002
13306,1018
13319,1019
13331,1003
13343,1002
13357,1016
13369,1018
13381,1004
13393,1002
13406,1018
13418,1018
13431,1003
13444,1001
13456,1017
13468,1019
13480,1004
13494,1002
13506,1018
13518,1018
13531,1003
13543,1000
13556,1017
13569,1019
13581,1003
13593,1001
13605,1017
13618,1019
13631,1004
13643,1001
13656,1018
13668,1019
13680,1004
13693,1002
13706,1017
13718,1018
13730,1003
13743,1002
13756,1018
13768,1019
13780,1004
13793,1002
13805,1017
13817,1018
13831,1004
13843,1001
13855,1018
13868,1019
13880,1003
13893,1001
13905,1016
13918,1019
13930,1003
13942,1002
13956,1017
13968,1018
13980,1003
13992,1001
14005,1017
14017,1018
14030,1004
14043,1001
14055,1018
14067,1019
14080,1002
14093,1001
14105,1018
14117,1019
14130,1003
14142,1002
14155,1017
14168,1019
14180,1004
14192,1001
14204,1018
14217,1019
14230,1004
14242,1000
14255,1018
14267,1019
14279,1003
14292,1002
14305,1018
14317,1019
14329,1003
14342,1002
14355,1018
14367,1019
14380,1003
14392,1002
14404,1017
14416,1019
14430,1002
14442,1001
14454,1018
14467,1018
14479,1004
14492,1002
14504,1018
14517,1019
14529,1004
14541,1001
14555,1018
14567,1018
14579,1004
14592,1002
14604,1018
14616,1019
14629,1004
14642,1002
14654,1018
14666,1018
14679,1003
14692,1000
14704,1016
14716,1019
14729,1003
14741,1002
14754,1018
14767,1018
14779,1003
14791,1002
14803,1018
14816,1019
14829,1003
14841,1001
14854,1017
14866,1019
14878,1004
14892,1002
14904,1017
14916,1019
14928,1003
14941,1001
14954,1017
14966,1019
14979,1003
14991,1002
15003,1018
15015,1019
15029,1004
15041,1001
15053,1017
15066,1019
15078,1003
15091,1001
15104,1016
15116,1018
15128,1003
15140,1002
15154,1017
15166,1019
15178,1004
15191,1002
15203,1018
15215,1019
15228,1003
15241,1001
15253,1018
15265,1019
15278,1003
15291,1002
15303,1018
15315,1019
15328,1004
15340,1001
15353,1018
15366,1019
15378,1003
15390,1001
15403,1017
15415,1019
15428,1004
15440,1002
15453,1017
15465,1019
15477,1003
15491,1001
15503,1017
15515,1019
15527,1003
15540,1001
15553,1018
15565,1019
15578,1004
15590,1002
15602,1017
15614,1019
15628,1004
15640,1001
15652,1017
15665,1019
15677,1003
15690,1002
15703,1018
15715,1019
15727,1003
15739,1002
15753,1018
15765,1018
15777,1004
15790,1002
15802,1018
15814,1020
15827,1003
15840,1002
15852,1017
15864,1018
15877,1004
15890,1001
15902,1017
15915,1018
15927,1003
15939,1002
15952,1018
15965,1019
15977,1002
15989,1002
16002,1018
16014,1019
16027,1003
16039,1002
16052,1018
16064,1019
16076,1004
16090,1002
16102,1017
16114,1019
16126,1002
16139,1001
16152,1018
16164,1020
16177,1004
16189,1001
16201,1017
16214,1019
16227,1004
16239,1002
16251,1016
16264,1018
16276,1003
16289,1001
16302,1018
16314,1019
16326,1003
16338,1002
16352,1017
16364,1018
16376,1002
16389,1002
16401,1018
16413,1019
16427,1004
16439,1001
16451,1018
16463,1019
16476,1004
16489,1002
16501,1018
16514,1019
16526,1002
16538,1002
16551,1018
16564,1020
16576,1003
16588,1001
16601,1017
16613,1018
16626,1004
16638,1002
16651,1018
16663,1019
16675,1003
16689,1001
16701,1017
16713,1019
16726,1003
16738,1002
16751,1017
16763,1018
16776,1004
16788,1002
16800,1018
16813,1019
16826,1004
16838,1000
16850,1017
16863,1018
16875,1004
16888,1001
16901,1018
16913,1019
16925,1003
16937,1002
16951,1016
16963,1019
16975,1004
16988,1002
17000,1017
17012,1019
17026,1004
17038,1001
17050,1017
17062,1019
17075,1003
17088,1001
17100,1018
17113,1019
17125,1002
17137,1001
17150,1017
17163,1019
17175,1004
17187,1002
17200,1017
17212,1019
17225,1004
17238,1001
17250,1017
17262,1019
17274,1003
17288,1002
17300,1017
17312,1019
17325,1004
17337,1001
17350,1017
17362,1018
17375,1004
17387,1001
17399,1018
17412,1019
17425,1003
17437,1002
17449,1018
17462,1019
17474,1004
17487,1001
17500,1018
17512,1020
17524,1004
17537,1001
17550,1018
17562,1018
17574,1003
17587,1002
17599,1017
17611,1019
17625,1004
17637,1002
17649,1018
17661,1019
17674,1003
17687,1000
17699,1016
17712,1019
17724,1002
17736,1002
17750,1017
17762,1019
17774,1003
17786,1001
17799,1017
17811,1019
17824,1003
17837,1000
17849,1018
17861,1017
17873,1003
17887,1000
17899,1018
17911,1019
17924,1004
17936,1002
17949,1016
17961,1019
17974,1002
17986,1001
17998,1018
18011,1018
18024,1004
18036,1001
18049,1016
18061,1019
18073,1003
18086,1000
18099,1018
18111,1019
18123,1004
18136,1002
18149,1017
18161,1019
18173,1003
18186,1001
18198,1016
18210,1019
18224,1004
18236,1001
18248,1018
18260,1019
18273,1004
18286,1002
18298,1017
18311,1019
18323,1003
18335,1002
18349,1017
18361,1019
18373,1003
18385,1001
18398,1018
18410,1018
18423,1003
18436,1000
18448,1016
18460,1018
18472,1003
18486,1002
18498,1017
18510,1019
18523,1003
18535,1002
18548,1017
18561,1018
18573,1002
18585,1002
18597,1017
18610,1018
18623,1003
18635,1002
18648,1016
18660,1019
18672,1004
18685,1002
18698,1018
18710,1018
18722,1002
18735,1001
18748,1018
18760,1019
18772,1003
18785,1000
18797,1017
18809,1019
18823,1003
18835,1002
18847,1018
18860,1019
18872,1002
18885,1002
18897,1017
18910,1018
18922,1004
18934,1002
18948,1017
18960,1019
18972,1003
18984,1001
18997,1018
19009,1019
19022,1002
19035,1000
19047,1018
19059,1018
19072,1003
19085,1002
19097,1018
19109,1019
19122,1003
19134,1001
19147,1017
19160,1019
19172,1003
19184,1002
19196,1017
19209,1019
19222,1004
19234,1002
19247,1017
19259,1018
19271,1004
19284,1002
19297,1017
19309,1019
19321,1003
19334,1000
19347,1016
19359,1018
19372,1004
19384,1000
19396,1017
19408,1019
19422,1003
19434,1002
19446,1018
19459,1019
19471,1004
19484,1002
19496,1018
19509,1020
19521,1004
19533,1002
19547,1017
19559,1018
19571,1004
19584,1001
19596,1018
19608,1018
19621,1003
19634,1001
19646,1018
19658,1020
19671,1002
19684,1002
19696,1017
19708,1018
19721,1004
19733,1002
19746,1018
19759,1019
19771,1004
19783,1001
19795,1017
19808,1018
19821,1003
19833,1002
19846,1017
19858,1019
19870,1004
19884,1001
19896,1017
19908,1019
19920,1004
19933,1001
19946,1017
19958,1019
19971,1004
19983,1002
19995,1017
20007,1019
