time,signal
0,979
1,979
2,1023
4,1023
5,1023
6,1023
8,1023
9,1023
10,980
12,980
14,980
22,1023
31,982
39,1023
50,980
58,1022
67,980
75,1023
84,1023
94,979
102,1022
113,980
122,1022
133,982
142,1023
152,1023
162,980
172,1023
183,980
192,1023
202,1023
212,979
222,1023
232,980
242,1023
252,1023
263,980
272,1023
282,981
291,1023
302,1023
313,980
322,1023
332,980
342,1023
352,1023
362,980
371,1023
382,981
392,1023
402,1023
412,980
421,1023
432,980
442,1023
452,1023
462,982
472,1023
482,980
491,1023
501,1023
513,981
522,1023
532,979
541,1023
551,1023
562,981
571,1023
582,980
591,1023
602,1023
612,980
621,1023
631,979
642,1023
652,1023
662,980
671,1023
681,980
691,1022
701,1023
712,980
721,1023
732,982
741,1023
751,1023
761,979
771,1023
782,980
791,1023
801,1023
812,980
821,1022
831,982
841,1023
851,1023
862,980
871,1022
881,980
890,1023
901,1023
912,980
921,1023
931,980
941,1023
951,1023
961,980
970,1023
982,980
991,1023
1001,1023
1012,981
1022,1023
1034,1023
1046,980
1056,1023
1068,1023
1079,980
1089,1023
1100,1023
1113,980
1123,1023
1134,1023
1145,980
1156,1023
1167,1023
1179,980
1189,1023
1201,1023
1212,982
1222,1023
1233,1023
1246,980
1256,1023
1267,1023
1278,980
1289,1023
1300,1023
1312,980
1323,1023
1334,1022
1345,980
1355,1023
1367,1023
1379,980
1389,1022
1400,1023
1412,979
1422,1023
1433,1023
1445,981
1456,1023
1467,1023
1478,980
1488,1023
1500,1023
1512,982
1522,1023
1533,1023
1545,981
1555,1023
1566,1023
1579,981
1589,1023
1600,1023
1611,980
1622,1023
1633,1023
1645,982
1655,1023
1667,1023
1678,981
1688,1023
1699,1023
1712,980
1722,1023
1733,1023
1744,980
1755,1023
1766,1023
1778,980
1788,1023
1800,1023
1811,980
1821,1023
1832,1023
1845,979
1855,1023
1866,1023
1878,981
1888,1023
1899,1023
1911,980
1922,1023
1933,1023
1944,981
1954,1023
1966,1023
1978,981
1988,1023
1999,1023
2011,980
2021,1023
2032,1023
2044,980
2055,1023
2066,1023
2077,980
2087,1023
2099,1023
2111,980
2121,1023
2132,1023
2144,980
2154,1023
2165,1023
2178,981
2188,1023
2199,1023
2210,982
2221,1023
2232,1023
2244,981
2254,1023
2266,1022
2277,980
2287,1023
2298,1023
2311,980
2321,1023
2332,1023
2343,981
2354,1023
2365,1023
2377,980
2387,1023
2399,1023
2410,981
2420,1023
2432,1023
2444,980
2454,1023
2465,1023
2477,979
2487,1023
2498,1023
2510,981
2521,1023
2532,1023
2543,979
2553,1023
2565,1023
2577,980
2587,1023
2598,1023
2610,980
2620,1023
2631,1023
2643,981
2654,1023
2665,1023
2676,980
2686,1023
2698,1023
2710,980
2720,1023
2732,1023
2743,980
2753,1023
2764,1023
2777,980
2787,1023
2798,1023
2809,981
2820,1023
2831,1023
2843,980
2853,1023
2865,1023
2876,980
2886,1023
2897,1023
2910,980
2920,1023
2931,1023
2942,980
2953,1023
2964,1023
2976,980
2987,1023
2998,1023
3009,980
3019,1023
3031,1023
3043,980
3053,1023
3064,1023
3076,981
3086,1023
3097,1023
3109,981
3120,1023
3131,1023
3142,980
3152,1023
3164,1023
3176,981
3186,1023
3197,1023
3209,982
3219,1023
3230,1023
3243,981
3253,1023
3264,1023
3275,980
3286,1023
3297,1023
3309,980
3319,1023
3331,1023
3342,981
3352,1023
3363,1023
3376,981
3386,1023
3397,1023
3408,980
3419,1023
3430,1023
3442,981
3452,1023
3464,1023
3475,980
3485,1023
3496,1023
3509,981
3519,1023
3530,1023
3542,980
3552,1023
3563,1023
3575,980
3586,1023
3597,1023
3608,980
3618,1023
3630,1023
3642,981
3652,1023
3663,1023
3675,980
3685,1023
3696,1023
3708,981
3719,1023
3730,1023
3741,981
3751,1023
3763,1023
3775,981
3785,1023
3796,1023
3808,980
3818,1023
3829,1023
3842,980
3852,1023
3863,1023
3874,982
3885,1023
3896,1023
3908,980
3918,1023
3930,1023
3941,981
3951,1023
3962,1023
3975,981
3985,1023
3996,1023
4007,980
4018,1023
4029,1023
4041,979
4051,1023
4063,1023
4074,980
4084,1023
4096,1023
4108,981
4118,1023
4129,1023
4141,981
4151,1023
4162,1023
4174,983
4185,1023
4196,1023
4207,982
4217,1023
4229,1023
4241,980
4251,1023
4262,1023
4274,981
4284,1023
4295,1023
4307,981
4318,1023
4329,1023
4340,981
4350,1023
4362,1023
4374,980
4384,1023
4396,1022
4407,981
4417,1023
4428,1022
4441,981
4451,1023
4462,1023
4473,981
4484,1023
4495,1023
4507,983
4517,1023
4529,1023
4540,981
4550,1023
4561,1023
4574,982
4584,1023
4595,1023
4606,981
4617,1023
4628,1023
4640,981
4651,1023
4662,1023
4673,981
4683,1023
4695,1023
4707,981
4717,1023
4728,1023
4740,981
4750,1023
4761,1023
4773,981
4784,1023
4795,1023
4806,981
4816,1023
4828,1023
4840,981
4850,1023
4861,1023
4873,981
4883,1023
4894,1023
4907,982
4917,1023
4928,1023
4939,981
4950,1023
4961,1023
4973,981
4983,1023
4995,1023
5006,981
5016,1023
5027,1023
5040,981
5050,1023
5061,1023
5072,981
5083,1023
5094,1023
5106,980
5116,1023
5128,1023
5139,981
5149,1023
5160,1023
5173,981
5183,1023
5194,1023
5206,981
5216,1023
5227,1023
5239,981
5250,1023
5261,1023
5272,981
5282,1023
5294,1023
5306,982
5316,1023
5327,1023
5339,981
5349,1023
5360,1023
5372,981
5383,1023
5394,1023
5405,980
5415,1023
5427,1023
5439,981
5449,1023
5460,1023
5472,981
5482,1023
5493,1023
5506,982
5516,1023
5527,1023
5538,981
5549,1023
5560,1023
5572,981
5582,1022
5594,1023
5605,981
5615,1023
5626,1023
5639,981
5649,1023
5660,1023
5671,981
5682,1023
5693,1023
5705,981
5715,1023
5727,1023
5738,982
5748,1023
5760,1023
5772,981
5782,1023
5793,1023
5805,981
5815,1023
5826,1023
5838,981
5849,1023
5860,1023
5871,982
5881,1023
5893,1023
5905,981
5915,1023
5926,1023
5938,982
5948,1023
5959,1023
5971,981
5982,1023
5993,1023
6004,981
6014,1023
6026,1023
6038,981
6048,1023
6060,1023
6071,982
6081,1023
6092,1023
6105,980
6115,1023
6126,1023
6137,982
6148,1022
6159,1023
6171,981
6181,1023
6193,1023
6204,981
6214,1023
6225,1023
6238,982
6248,1023
6259,1023
6270,982
6281,1023
6292,1023
6304,982
6315,1023
6326,1022
6337,981
6347,1023
6359,1023
6371,981
6381,1023
6392,1023
6404,982
6414,1023
6425,1023
6437,981
6448,1023
6459,1023
6470,981
6480,1023
6492,1023
6504,982
6514,1023
6525,1023
6537,981
6547,1023
6558,1023
6571,981
6581,1023
6592,1023
6603,980
6614,1023
6625,1023
6637,982
6647,1023
6659,1023
6670,982
6680,1023
6691,1023
6704,980
6714,1023
6725,1023
6736,980
6747,1023
6758,1023
6770,982
6780,1023
6792,1023
6803,981
6813,1023
6824,1022
6837,981
6847,1023
6858,1023
6870,982
6880,1023
6891,1023
6903,981
6914,1023
6925,1023
6936,981
6946,1023
6958,1023
6970,981
6980,1023
6991,1023
7003,980
7013,1023
7024,1023
7036,981
7047,1023
7058,1023
7069,979
7079,1022
7091,1023
7103,982
7113,1023
7124,1023
7136,982
7146,1023
7157,1023
7170,982
7180,1023
7191,1023
7202,981
7213,1023
7224,1023
7236,981
7246,1023
7258,1023
7269,981
7279,1023
7290,1023
7303,983
7313,1023
7324,1023
7335,981
7346,1023
7357,1023
7369,981
7379,1023
7391,1023
7402,981
7412,1023
7424,1023
7436,981
7446,1023
7457,1023
7469,981
7479,1023
7490,1023
7502,981
7513,1023
7524,1023
7535,981
7545,1023
7557,1023
7569,981
7579,1023
7590,1023
7602,981
7612,1022
7623,1023
7635,981
7646,1023
7657,1023
7668,981
7678,1023
7690,1023
7702,981
7712,1023
7724,1023
7735,982
7745,1023
7756,1023
7769,981
7779,1023
7790,1023
7801,980
7812,1023
7823,1023
7835,982
7845,1022
7857,1023
7868,981
7878,1023
7889,1023
7902,981
7912,1023
7923,1023
7934,982
7945,1023
7956,1023
7968,980
7979,1023
7990,1023
8001,981
8011,1023
8023,1023
8035,981
8045,1023
8056,1023
8068,983
8078,1023
8089,1023
8101,980
8112,1023
8123,1023
8134,981
8144,1023
8156,1023
8168,983
8178,1023
8189,1023
8201,981
8211,1023
8222,1023
8235,981
8245,1023
8256,1023
8267,981
8278,1023
8289,1023
8301,981
8311,1023
8323,1023
8334,983
8344,1023
8355,1023
8368,981
8378,1023
8389,1023
8400,981
8411,1023
8422,1023
8434,981
8444,1023
8456,1023
8467,981
8477,1023
8488,1023
8501,981
8511,1023
8522,1023
8534,981
8544,1023
8555,1023
8567,981
8578,1023
8589,1023
8600,981
8610,1023
8622,1023
8634,980
8644,1023
8655,1023
8667,981
8677,1023
8688,1023
8700,981
8711,1023
8722,1023
8733,981
8743,1023
8755,1022
8767,981
8777,1023
8788,1023
8800,981
8810,1023
8821,1023
8834,982
8844,1023
8855,1023
8866,982
8877,1023
8888,1023
8900,980
8910,1023
8922,1023
8933,982
8943,1023
8954,1023
8967,981
8977,1023
8988,1023
8999,980
9010,1023
9021,1023
9033,981
9043,1023
9055,1023
9066,981
9076,1023
9088,1023
9100,983
9110,1023
9121,1023
9133,981
9143,1023
9154,1023
9166,981
9177,1023
9188,1023
9199,981
9209,1023
9221,1023
9233,981
9243,1023
9254,1023
9266,980
9276,1023
9287,1023
9299,980
9310,1023
9321,1023
9332,981
9342,1023
9354,1023
9366,980
9376,1023
9388,1023
9399,981
9409,1023
9420,1023
9433,981
9443,1023
9454,1023
9465,981
9476,1023
9487,1023
9499,981
9509,1023
9521,1023
9532,981
9542,1023
9553,1023
9566,980
9576,1023
9587,1023
9598,981
9609,1023
9620,1023
9632,981
9643,1023
9654,1023
9665,982
9675,1023
9687,1023
9699,981
9709,1023
9720,1023
9732,981
9742,1023
9753,1023
9765,983
9776,1023
9787,1023
9798,981
9808,1023
9820,1023
9832,981
9842,1023
9853,1023
9865,981
9875,1023
9886,1023
9899,982
9909,1023
9920,1023
9931,981
9942,1023
9953,1023
9965,981
9975,1023
9987,1023
9998,982
10008,1023
10020,1023
10034,980
10045,981
10056,1023
10068,1023
10081,981
10093,1023
10105,1023
10118,981
10129,981
10140,1023
10152,1023
10166,981
10177,981
10188,1023
10201,982
10212,980
10223,1023
10236,1023
10249,982
10260,981
10271,1023
10284,983
10296,982
10307,1023
10319,1023
10332,980
10343,980
10354,1023
10368,982
10379,983
10390,1023
10402,1023
10415,981
10427,982
10438,1022
10450,981
10462,981
10473,1022
10485,1023
10499,982
10510,982
10521,1023
10533,982
10545,981
10556,1023
10569,1023
10582,983
10593,982
10604,1023
10616,982
10629,981
10640,1023
10652,1023
10664,984
10676,981
10687,1023
10700,981
10712,981
10723,1023
10735,1022
10747,981
10760,981
10771,1023
10783,981
10795,981
10806,1023
10818,1023
10831,983
10843,981
10854,1023
10866,981
10877,982
10889,1023
10902,1023
10914,981
10926,981
10937,1023
10949,981
10961,981
10973,1022
10985,1023
10997,983
11009,981
11020,1023
11033,981
11044,981
11056,1023
11068,1023
11080,982
11092,981
11104,1023
11116,982
11127,981
11139,1023
11151,1023
11164,982
11175,981
11187,1023
11199,981
11210,982
11222,1023
11235,1023
11247,981
11258,981
11270,1023
11282,981
11294,982
11305,1023
11318,1023
11330,981
11341,982
11353,1023
11366,981
11377,981
11388,1023
11401,1023
11413,981
11425,982
11437,1023
11449,981
11460,981
11471,1023
11484,1023
11497,981
11508,983
11520,1023
11532,982
11543,981
11554,1023
11568,1023
11580,981
11591,981
11602,1023
11615,983
11627,982
11638,1023
11651,1022
11663,981
11674,982
11685,1023
11699,982
11710,982
11721,1022
11734,1023
11746,980
11758,982
11769,1023
11782,981
11793,982
11804,1023
11816,1023
11830,981
11841,981
11852,1023
11865,982
11876,982
11887,1022
11900,1023
11913,981
11924,982
11935,1023
11948,981
11960,981
11971,1023
11983,1023
11996,982
12007,982
12018,1023
12032,981
12043,981
12054,1023
12066,1023
12079,981
12091,980
12102,1023
12114,982
12126,981
12137,1023
12149,1023
12163,981
12174,981
12185,1023
12197,984
12209,981
12220,1023
12233,1023
12246,982
12257,982
12268,1023
12280,981
12293,981
12304,1023
12316,1023
12328,982
12340,982
12351,1023
12364,981
12376,982
12387,1023
12399,1022
12411,982
12424,981
12435,1023
12447,981
12459,981
12470,1023
12482,1023
12495,981
12507,982
12518,1023
12530,982
12541,981
12553,1023
12566,1023
12578,982
12590,981
12601,1023
12613,981
12625,982
12637,1023
12649,1023
12661,982
12673,982
12684,1023
12697,981
12708,981
12720,1023
12732,1023
12744,982
12756,982
12768,1023
12780,982
12791,982
12803,1023
12815,1023
12828,981
12839,982
12851,1023
12863,980
12874,981
12886,1023
12899,1023
12911,982
12922,981
12934,1023
12946,982
12958,982
12969,1023
12982,1022
12994,980
13005,981
13017,1023
13030,982
13041,982
13052,1023
13065,1023
13077,982
13089,981
13101,1023
13113,981
13124,981
13135,1023
13148,1023
13161,982
13172,982
13184,1023
13196,981
13207,982
13218,1023
13232,1023
13244,981
13255,981
13266,1023
13279,980
13291,981
13302,1023
13315,1023
13327,982
13338,981
13349,1023
13363,980
13374,981
13385,1023
13398,1023
13410,981
13422,981
13433,1023
13446,981
13457,984
13468,1023
13480,1023
13494,981
13505,981
13516,1023
13529,981
13540,982
13551,1023
13564,1023
13577,983
13588,982
13599,1023
13612,982
13624,981
13635,1023
13647,1023
13660,982
13671,983
13682,1023
13696,983
13707,981
13718,1023
13730,1023
13743,981
13755,981
13766,1023
13778,983
13790,981
13801,1023
13813,1023
13827,982
13838,983
13849,1023
13861,982
13873,980
13884,1023
13897,1023
13910,981
13921,982
13932,1023
13944,981
13957,981
13968,1023
13980,1023
13992,982
14004,984
14015,1023
14028,982
14040,982
14051,1023
14063,1023
14075,981
14088,981
14099,1023
14111,982
14123,981
14134,1023
14146,1023
14159,980
14171,981
14182,1023
14194,982
14205,982
14217,1023
14230,1023
14242,981
14254,983
14265,1023
14277,984
14289,981
14301,1023
14313,1023
14325,981
14337,981
14348,1023
14361,981
14372,981
14384,1022
14396,1023
14408,982
14420,981
14432,1022
14444,983
14455,982
14467,1023
14479,1023
14492,981
14503,981
14515,1023
14527,983
14538,982
14550,1023
14563,1023
14575,981
14586,981
14598,1023
14610,982
14622,983
14633,1023
14646,1023
14658,981
14669,982
14681,1023
14694,981
14705,981
14716,1023
14729,1023
14741,982
14753,981
14765,1022
14777,981
14788,981
14799,1023
14812,1023
14825,982
14836,980
14848,1022
14860,982
14871,982
14882,1023
14896,1023
14908,982
14919,982
14930,1023
14943,981
14955,982
14966,1023
14979,1023
14991,982
15002,982
15013,1023
15027,981
15038,982
15049,1023
15062,1023
15074,982
15086,982
15097,1023
15110,982
15121,982
15132,1023
15144,1023
15158,982
15169,983
15180,1023
15193,982
15204,982
15215,1023
15228,1023
15241,981
15252,983
15263,1023
15276,982
15288,981
15299,1023
15311,1023
15324,981
15335,982
15346,1023
15360,982
15371,982
15382,1023
15394,1023
15407,981
15419,983
15430,1023
15442,982
15454,981
15465,1023
15477,1023
15491,982
15502,983
15513,1023
15525,982
15537,983
15548,1023
15561,1023
15574,983
15585,982
15596,1023
15608,982
15621,982
15632,1022
15644,1023
15656,982
15668,983
15679,1023
15692,984
15704,982
15715,1023
15727,1023
15739,984
15752,982
15763,1023
15775,981
15787,982
15798,1023
15810,1023
15823,981
15835,982
15846,1023
15858,982
15869,982
15881,1023
15894,1023
15906,982
15918,984
15929,1023
15941,982
15953,982
15965,1023
15977,1023
15989,983
16001,981
