time,signal
0,48
5,98
11,146
16,195
22,244
27,293
33,342
38,391
45,440
50,489
56,538
61,586
67,635
72,685
77,733
83,782
89,831
95,880
100,929
106,977
111,978
117,978
123,978
130,978
139,978
148,978
157,978
167,978
177,978
186,977
195,978
204,978
214,978
223,978
233,978
242,978
251,978
261,978
270,978
279,978
288,978
299,978
308,978
317,978
326,978
335,978
345,978
354,978
364,978
373,978
382,979
392,979
401,978
410,978
419,979
430,979
439,979
448,979
457,978
466,979
476,978
485,978
495,978
504,978
514,978
523,977
532,977
541,978
550,977
560,978
570,977
579,977
588,977
598,976
607,977
616,976
625,976
635,976
645,976
654,976
663,976
672,976
681,976
691,976
701,975
710,976
719,976
729,976
738,976
747,975
756,975
766,976
776,976
785,976
794,975
803,975
813,975
822,975
832,975
841,975
850,975
860,974
869,974
878,975
887,975
898,975
907,974
916,974
925,975
934,975
944,975
953,975
963,975
972,975
982,975
991,976
1000,975
1010,975
1020,975
1032,976
1042,976
1052,977
1062,977
1073,976
1083,976
1094,976
1104,976
1115,976
1125,976
1135,977
1145,977
1156,978
1167,978
1177,978
1187,977
1198,977
1208,977
1218,977
1229,977
1240,977
1250,977
1260,977
1270,978
1281,978
1291,978
1302,978
1312,978
1323,978
1333,978
1343,978
1353,978
1364,978
1375,978
1385,978
1395,978
1405,978
1416,978
1427,978
1437,978
1447,978
1458,978
1468,978
1478,978
1488,978
1500,978
1510,978
1520,978
1530,978
1541,977
1551,977
1562,978
1572,977
1583,977
1593,977
1603,977
1613,977
1624,977
1635,977
1645,976
1655,976
1666,976
1676,976
1686,976
1697,976
1708,976
1718,976
1728,976
1738,976
1748,976
1760,975
1770,975
1780,975
1790,975
1801,975
1811,975
1821,975
1832,975
1843,975
1853,975
1863,975
1873,975
1884,975
1895,975
1905,975
1915,975
1926,975
1936,975
1946,975
1957,975
1968,975
1978,975
1988,975
1998,975
2009,975
2019,975
2030,975
2040,975
2051,975
2061,975
2071,975
2081,975
2093,975
2103,976
2113,976
2123,976
2134,976
2144,976
2154,976
2165,976
2176,976
2186,976
2196,976
2206,976
2216,977
2228,977
2238,977
2248,977
2258,977
2269,977
2279,977
2289,977
2300,977
2311,977
2321,977
2331,978
2341,978
2352,978
2363,978
2373,978
2383,978
2394,978
2404,978
2414,978
2425,978
2436,978
2446,978
2456,978
2466,978
2477,978
2487,978
2498,978
2508,978
2519,978
2529,978
2539,978
2549,978
2561,978
2571,978
2581,978
2591,977
2601,977
2612,977
2622,977
2633,977
2643,977
2654,977
2664,977
2674,977
2684,977
2696,977
2706,977
2716,976
2726,976
2737,977
2747,976
2758,976
2768,976
2779,976
2789,976
2799,976
2809,976
2820,976
2831,976
2841,976
2851,975
2862,975
2872,975
2882,975
2893,975
2904,975
2914,975
2924,975
2934,975
2945,975
2956,975
2966,975
2976,975
2987,975
2997,975
3007,975
3017,975
3028,975
3039,975
3049,975
3059,975
3069,975
3080,975
3091,975
3101,975
3111,975
3122,975
3132,975
3142,975
3152,976
3164,976
3174,976
3184,976
3194,976
3205,976
3215,976
3226,976
3236,976
3247,976
3257,976
3267,976
3277,977
3288,977
3299,977
3309,977
3319,977
3330,977
3340,978
3350,978
3361,977
3372,977
3382,977
3392,978
3402,978
3412,978
3424,978
3434,978
3444,978
3454,978
3465,978
3475,978
3485,978
3496,978
3507,978
3517,978
3527,978
3537,978
3548,978
3559,978
3569,978
3579,978
3590,978
3600,978
3610,978
3620,978
3632,978
3642,978
3652,977
3662,977
3673,977
3683,977
3694,977
3704,977
3715,977
3725,977
3735,977
3745,977
3757,977
3767,976
3777,976
3787,976
3798,976
3808,975
3818,976
3829,976
3840,976
3850,976
3860,976
3870,976
3880,975
3892,975
3902,975
3912,975
3922,975
3933,975
3943,975
3954,975
3964,975
3975,975
3985,975
3995,975
4005,975
4016,975
4027,975
4037,974
4047,975
4058,975
4068,975
4078,975
4089,975
4100,975
4110,975
4120,975
4130,975
4141,975
4151,975
4162,975
4172,975
4183,975
4193,975
4203,976
4213,976
4225,976
4235,976
4245,976
4255,976
4265,976
4276,976
4286,976
4297,976
4307,976
4318,976
4328,976
4338,977
4348,977
4360,977
4370,977
4380,977
4390,977
4401,977
4411,977
4422,977
4432,977
4443,977
4453,978
4463,978
4473,978
4484,978
4495,978
4505,978
4515,978
4526,978
4536,978
4546,978
4557,978
4568,978
4578,978
4588,978
4598,978
4609,978
4620,978
4630,978
4640,978
4651,978
4661,978
4671,978
4681,978
4692,978
4703,978
4713,978
4723,978
4733,978
4744,977
4755,977
4765,977
4775,977
4786,977
4796,977
4806,977
4816,977
4828,977
4838,976
4848,976
4858,976
4869,976
4879,976
4890,976
4900,976
4911,976
4921,976
4931,976
4941,975
4952,975
4963,975
4973,975
4983,975
4994,975
5004,975
5014,975
5025,975
5036,975
5046,975
5056,975
5066,975
5076,975
5088,975
5098,975
5108,975
5118,975
5129,975
5139,975
5149,975
5160,975
5171,975
5181,975
5191,975
5201,975
5212,975
5223,975
5233,975
5243,975
5254,975
5264,976
5274,975
5284,976
5296,976
5306,976
5316,976
5326,976
5337,976
5347,976
5358,976
5368,976
5379,976
5389,976
5399,977
5409,977
5421,977
5431,977
5441,977
5451,977
5462,978
5472,978
5482,978
5493,978
5504,978
5514,978
5524,978
5534,978
5544,978
5556,978
5566,978
5576,978
5586,978
5597,978
5607,978
5618,978
5628,978
5639,978
5649,978
5659,978
5669,978
5680,978
5691,978
5701,978
5711,977
5722,977
5732,977
5742,978
5753,978
5764,978
5774,977
5784,977
5794,977
5805,977
5815,977
5826,977
5836,977
5847,977
5857,977
5867,977
5877,977
5889,976
5899,976
5909,976
5919,976
5929,975
5940,975
5950,975
5961,975
5971,975
5982,975
5992,975
6002,975
6012,975
6024,975
6034,975
6044,975
6054,975
6065,975
6075,975
6086,975
6096,975
6107,975
6117,974
6127,974
6137,975
6148,975
6159,975
6169,975
6179,975
6190,975
6200,975
6210,975
6221,975
6232,975
6242,975
6252,975
6262,975
6273,975
6284,975
6294,975
6304,975
6315,975
6325,976
6335,975
6345,976
6356,976
6367,976
6377,976
6387,976
6397,976
6408,976
6419,976
6429,976
6439,976
6450,976
6460,977
6470,977
6480,977
6492,977
6502,977
6512,977
6522,977
6533,977
6543,978
6554,977
6564,978
6575,978
6585,978
6595,978
6605,978
6617,978
6627,978
6637,978
6647,978
6658,978
6668,978
6678,978
6689,978
6700,978
6710,978
6720,978
6730,978
6740,978
6752,978
6762,978
6772,978
6782,978
6793,978
6803,978
6813,978
6824,978
6835,977
6845,977
6855,977
6865,977
6876,977
6887,977
6897,977
6907,977
6918,977
6928,977
6938,977
6948,976
6960,976
6970,976
6980,976
6990,975
7001,975
7011,975
7022,975
7032,975
7043,975
7053,975
7063,975
7073,975
7085,975
7095,974
7105,974
7115,974
7126,974
7136,974
7146,974
7157,974
7168,974
7178,974
7188,974
7198,975
7208,975
7220,975
7230,975
7240,975
7250,975
7261,975
7271,975
7281,975
7292,975
7303,976
7313,976
7323,976
7333,976
7344,976
7355,976
7365,976
7375,976
7386,976
7396,976
7406,976
7417,976
7428,976
7438,976
7448,976
7458,976
7469,976
7479,976
7490,976
7500,976
7511,976
7521,977
7531,977
7541,977
7553,977
7563,977
7573,977
7583,978
7593,978
7604,977
7615,977
7625,977
7635,978
7646,978
7656,978
7666,978
7676,978
7688,978
7698,978
7708,978
7718,978
7729,978
7739,978
7750,978
7760,978
7771,978
7781,978
7791,978
7801,977
7812,977
7823,977
7833,978
7843,978
7854,978
7864,978
7874,977
7885,977
7896,977
7906,977
7916,977
7926,977
7937,977
7947,977
7958,977
7968,977
7979,977
7989,977
7999,977
8009,977
8020,976
8031,976
8041,976
8051,975
8061,975
8072,975
8083,976
8093,975
8103,975
8114,975
8124,975
8134,975
8144,975
8156,974
8166,974
8176,974
8186,974
8197,974
8207,974
8218,974
8228,974
8239,974
8249,974
8259,975
8269,975
8281,975
8291,975
8301,975
8311,975
8322,975
8332,975
8342,975
8353,975
8364,975
8374,976
8384,976
8394,976
8404,976
8416,976
8426,976
8436,976
8446,976
8457,976
8467,976
8477,977
8488,977
8499,977
8509,977
8519,977
8529,977
8540,977
8551,977
8561,977
8571,977
8582,977
8592,978
8602,978
8612,978
8624,978
8634,978
8644,978
8654,978
8665,978
8675,978
8686,978
8696,978
8707,978
8717,978
8727,978
8737,978
8749,978
8759,978
8769,978
8779,978
8790,978
8800,978
8810,978
8821,978
8832,978
8842,978
8852,978
8862,977
8872,977
8884,977
8894,977
8904,977
8914,977
8925,977
8935,977
8945,977
8956,977
8967,977
8977,977
8987,977
8997,977
9008,976
9019,977
9029,976
9039,976
9050,976
9060,976
9070,976
9081,976
9092,976
9102,976
9112,975
9122,975
9133,975
9143,975
9154,975
9164,975
9175,975
9185,975
9195,975
9205,975
9217,975
9227,975
9237,975
9247,975
9257,975
9268,975
9279,975
9289,975
9299,975
9310,975
9320,975
9330,975
9340,975
9352,975
9362,975
9372,975
9382,975
9393,975
9403,975
9414,975
9424,976
9435,976
9445,976
9455,976
9465,976
9476,976
9487,976
9497,976
9507,976
9518,976
9528,976
9538,977
9549,977
9560,977
9570,977
9580,977
9590,977
9601,978
9611,977
9622,977
9632,977
9643,978
9653,978
9663,978
9673,978
9684,978
9695,978
9705,978
9715,978
9725,978
9736,978
9747,978
9757,979
9767,979
9778,979
9788,978
9798,978
9808,978
9820,978
9830,978
9840,978
9850,978
9861,978
9871,978
9882,978
9892,978
9903,978
9913,978
9923,978
9933,978
9944,978
9955,978
9965,977
9975,977
9986,977
9996,977
10006,977
